COSMOS 2426 (717)       
1 29671U 06062B   19291.67486044  .00000047  00000-0  10000-3 0  9995
2 29671  65.0658 276.1170 0020979 179.8269  60.2362  2.12961986 99720
COSMOS 2433 (720)       
1 32275U 07052A   19291.66494222 -.00000035  00000-0  10000-3 0  9993
2 32275  65.8994  37.0169 0003386 216.9244  31.8329  2.13104503 93238
COSMOS 2432 (719)       
1 32276U 07052B   19291.49176369 -.00000035  00000-0  10000-3 0  9994
2 32276  65.9142  37.1083 0008440 328.3596  98.3374  2.13103680 93238
COSMOS 2434 (721)       
1 32393U 07065A   19291.74719285  .00000047  00000-0  00000-0 0  9994
2 32393  64.6708 274.7486 0001737 163.6684  35.6036  2.13103026 91947
COSMOS 2436 (723)       
1 32395U 07065C   19292.20808094  .00000049  00000-0  10000-3 0  9991
2 32395  64.6800 274.7856 0014645 328.8475 290.4764  2.13281034 91886
COSMOS 2456 (730)       
1 36111U 09070A   19291.67365534  .00000056  00000-0  00000+0 0  9999
2 36111  64.2054 154.4015 0003318 333.4699 342.6533  2.13103016 76609
COSMOS 2457 (733)       
1 36112U 09070B   19292.16444848  .00000055  00000-0  00000+0 0  9990
2 36112  64.1868 154.2842 0005985 154.9361 302.1583  2.13101676 76620
COSMOS 2459 (731)       
1 36400U 10007A   19291.60272559 -.00000036  00000-0  10000-3 0  9993
2 36400  65.8057  36.0210 0023717 351.5684  64.4551  2.13102100 74961
COSMOS 2461 (735)       
1 36401U 10007B   19291.59941110 -.00000036  00000-0  10000-3 0  9998
2 36401  65.7985  35.9919 0006984  82.8546 241.1453  2.13102003 74959
COSMOS 2460 (732)       
1 36402U 10007C   19291.60291006 -.00000037  00000-0  10000-3 0  9994
2 36402  65.7885  35.9536 0002082 160.3209 205.9679  2.13101525 74964
COSMOS 2464 (736)       
1 37139U 10041C   19291.47468172  .00000045  00000-0  00000+0 0  9998
2 37139  64.2716 274.3187 0024200   5.4632 210.1282  2.13100691 71020
COSMOS 2474 (742)       
1 37829U 11055A   19291.88051382  .00000055  00000-0  00000-0 0  9998
2 37829  64.5273 155.3171 0008342 243.8937  86.7644  2.13101940 62604
COSMOS 2476 (744)       
1 37867U 11064A   19291.77454468  .00000056  00000-0  00000+0 0  9990
2 37867  64.5071 155.3690 0018035 236.2422  59.2955  2.13101951 61952
COSMOS 2477 (745)       
1 37868U 11064B   19291.41203434  .00000056  00000-0  00000-0 0  9998
2 37868  64.5150 155.4364 0015754 238.1113 317.9533  2.13101863 61906
COSMOS 2475 (743)       
1 37869U 11064C   19291.45719544  .00000056  00000-0  00000-0 0  9997
2 37869  64.5220 155.4337 0019504 262.4589 285.4729  2.13102243 61919
COSMOS 2485 (747)       
1 39155U 13019A   19291.74338186  .00000056  00000-0  00000-0 0  9990
2 39155  64.6758 155.5872 0018689 232.0301  84.2911  2.13102005 50427
COSMOS 2492 (754)       
1 39620U 14012A   19291.51993663 -.00000037  00000-0  10000-3 0  9997
2 39620  65.6786  35.7737 0011705 323.5341 216.4525  2.13103374 43373
COSMOS 2500 (755)       
1 40001U 14032A   19292.14776272 -.00000037  00000-0  00000+0 0  9994
2 40001  65.6193  35.6863 0007775 196.0551 326.7165  2.13102590 41605
COSMOS 2501 (702K)      
1 40315U 14075A   19292.20416551  .00000048  00000-0  00000+0 0  9998
2 40315  63.9909 275.3290 0017625 212.2528 150.7241  2.13098601 38014
COSMOS 2514 (751)       
1 41330U 16008A   19291.73342666 -.00000038  00000-0  00000+0 0  9996
2 41330  65.4224  35.6315 0010986 205.9407 180.9032  2.13103027 28765
COSMOS 2516 (753)       
1 41554U 16032A   19291.67455979  .00000045  00000-0  00000+0 0  9993
2 41554  64.2142 275.3490 0014901 224.1519   8.1211  2.13101763 26363
COSMOS 2522 (752)       
1 42939U 17055A   19292.16962523  .00000049  00000-0  00000+0 0  9994
2 42939  64.4458 275.4409 0010293 248.4188 230.1621  2.13101999 16132
COSMOS 2527 (756)       
1 43508U 18053A   19292.20781800  .00000055  00000-0  00000+0 0  9995
2 43508  64.8403 155.3677 0006309 224.8241 314.5138  2.13102695 10423
COSMOS 2529 (757)       
1 43687U 18086A   19291.93779288  .00000048  00000-0  00000-0 0  9998
2 43687  64.6589 275.5032 0012600 267.1954 349.2151  2.13102040  7437
COSMOS 2534 (758)       
1 44299U 19030A   19291.74142115  .00000047  00000-0  00000-0 0  9999
2 44299  64.7286 275.3044 0015363 283.6997 317.2369  2.13101947  3079
