CRE (WAAS/PRN 138)      
1 28868U 05036A   19291.86160704 -.00000072  00000-0  00000-0 0  9990
2 28868   0.0433  61.7548 0000619 134.0616  34.1337  1.00271906 22069
IOR-W (EGNOS/PRN 126)   
1 28899U 05044A   19291.79237788  .00000013  00000-0  00000-0 0  9996
2 28899   2.9198  27.8821 0003174 194.4234 153.8664  1.00271627 51114
MTSAT-2 (MSAS/PRN 137)  
1 28937U 06004A   19291.92202212 -.00000240  00000-0  00000-0 0  9998
2 28937   0.0556  76.2447 0003644 134.2607 293.5974  1.00272499 50094
QZS-1 (QZSS/PRN 183)    
1 37158U 10045A   19291.92202212 -.00000100  00000-0  00000-0 0  9998
2 37158  41.4184 147.0390 0747430 270.3112  80.2515  1.00283864 33349
GSAT-8 (GAGAN/PRN 127)  
1 37605U 11022A   19291.85078625  .00000086  00000-0  00000+0 0  9993
2 37605   0.0165 231.0274 0007431  18.7575 138.6713  1.00272383 30842
LUCH 5A (SDCM/PRN 140)  
1 37951U 11074B   19291.91091078 -.00000041  00000-0  00000-0 0  9991
2 37951   2.7286 123.3387 0002897  69.8197 328.9382  1.00269718 28790
SES-5 (EGNOS/PRN 136)   
1 38652U 12036A   19291.88969322  .00000036  00000-0  00000-0 0  9994
2 38652   0.0565  96.7350 0002085 109.3265 146.3130  1.00270796 20106
GSAT-10 (GAGAN/PRN 128) 
1 38779U 12051B   19291.83466572 -.00000163  00000-0  00000+0 0  9996
2 38779   0.0372 124.9091 0000960  66.7377 218.9056  1.00271382 25894
LUCH 5B (SDCM/PRN 125)  
1 38977U 12061A   19291.09928711 -.00000113  00000-0  00000+0 0  9998
2 38977   5.2488  69.1313 0000242 143.2790 195.3017  1.00273210 25762
ASTRA 5B (EGNOS/PRN 123)
1 39617U 14011B   19292.14489819  .00000156  00000-0  00000+0 0  9991
2 39617   0.0632 300.7811 0003673 271.8968 258.3540  1.00272734 20475
LUCH 5V (SDCM/PRN 141)  
1 39727U 14023A   19291.72677645 -.00000266  00000-0  00000-0 0  9999
2 39727   0.9751 308.3895 0002176 264.1246 170.7309  1.00267774538129
GSAT-15 (GAGAN/PRN 139) 
1 41028U 15065A   19291.87010508 -.00000256  00000-0  00000-0 0  9997
2 41028   0.0598  96.1991 0002742 118.4018 219.2195  1.00271291 14436
E 117 W B (WAAS/PRN 131)
1 41589U 16038B   19291.89985253 -.00000010  00000-0  00000-0 0  9998
2 41589   0.0144  79.8519 0000241 356.2456 157.9450  1.00272900 12280
SES-15 (WAAS/PRN 133)   
1 42709U 17026A   19292.16933946  .00000061  00000-0  00000+0 0  9998
2 42709   0.0152 262.9335 0001008 308.9422 107.3336  1.00271891  9785
QZS-2 (QZSS/PRN 184)    
1 42738U 17028A   19290.30129552 -.00000179  00000-0  00000+0 0  9997
2 42738  43.4039 277.8270 0748282 270.5495  84.0714  1.00258088  8728
