CUTE-1 (CO-55)          
1 27844U 03031E   19291.43547748  .00000037  00000-0  36200-4 0  9991
2 27844  98.6854 297.8343 0010577  43.6896 316.5118 14.22199895845551
CUBESAT XI-IV (CO-57)   
1 27848U 03031J   19291.88460346  .00000023  00000-0  30287-4 0  9996
2 27848  98.6928 298.8015 0010615  53.4094 306.8058 14.21792280845502
CUBESAT XI-V            
1 28895U 05043F   19292.08095678  .00000144  00000-0  36477-4 0  9990
2 28895  97.9772  70.7449 0016003 329.2873  30.7392 14.63700755745389
CUTE-1.7+APD II (CO-65) 
1 32785U 08021C   19292.11292973  .00000172  00000-0  24199-4 0  9992
2 32785  97.5566 286.0958 0012166 211.4033 148.6459 14.88358880621899
AAUSAT-II               
1 32788U 08021F   19291.48328167  .00000019  00000-0  67370-5 0  9998
2 32788  97.4953 301.8203 0012553 145.3897 214.8143 14.94823431623112
DELFI-C3 (DO-64)        
1 32789U 08021G   19291.92015220  .00000731  00000-0  52501-4 0  9991
2 32789  97.4518 337.8274 0013634  70.8047 289.4655 15.07181379625376
SEEDS II (CO-66)        
1 32791U 08021J   19291.79049942  .00000153  00000-0  20816-4 0  9999
2 32791  97.5319 291.8705 0013110 184.5795 175.5306 14.90888564622229
SWISSCUBE               
1 35932U 09051B   19291.75847453  .00000105  00000-0  34670-4 0  9992
2 35932  98.5991 101.3956 0008236 144.8988 215.2753 14.56318990534509
BEESAT-1                
1 35933U 09051C   19291.41063258  .00000086  00000-0  30497-4 0  9990
2 35933  98.6007 102.8455 0006195 155.9034 204.2453 14.56403696534600
ITUPSAT1                
1 35935U 09051E   19291.74489251  .00000084  00000-0  30601-4 0  9998
2 35935  98.6117 103.4185 0008558 155.3666 204.7940 14.55559131534398
TISAT 1                 
1 36799U 10035E   19291.67716990  .00000223  00000-0  28556-4 0  9997
2 36799  98.1714  87.9993 0013207  50.3263 309.9117 14.91178664502748
M-CUBED & EXP-1 PRIME   
1 37855U 11061F   19291.81632723  .00001404  00000-0  77376-4 0  9994
2 37855 101.7174 250.1159 0173001  74.6748 287.3509 15.05653582435154
AEROCUBE 4.5A           
1 38767U 12048K   19291.39569378  .00000220  00000-0  31317-4 0  9991
2 38767  64.6643 276.2515 0171844 213.3635 145.6556 14.92030701  5530
AEROCUBE 4.5B           
1 38768U 12048L   19291.39241600  .00000300  00000-0  35070-4 0  9996
2 38768  64.6655 249.0518 0161082 210.4985 148.6688 14.95604197  5521
STRAND-1                
1 39090U 13009E   19291.86928815  .00000005  00000-0  17049-4 0  9993
2 39090  98.4762 135.7166 0008116 289.0039  71.0267 14.35100770347897
SOMP                    
1 39134U 13015E   19291.58423017  .00000969  00000-0  53024-4 0  9994
2 39134  64.8639 345.4635 0037216 283.2313  76.4664 15.20402952359122
BEESAT-3                
1 39135U 13015F   19291.65809918  .00000744  00000-0  46211-4 0  9992
2 39135  64.8695   5.2537 0037063 290.8095  68.9062 15.17659589358367
BEESAT-2                
1 39136U 13015G   19291.21424780  .00000674  00000-0  43660-4 0  9992
2 39136  64.8703  10.8594 0028698 296.1553  63.6622 15.17075761358217
NEE-01 PEGASO           
1 39151U 13018B   19292.04534249  .00000148  00000-0  26508-4 0  9994
2 39151  97.9737  27.5959 0017553 161.5018 198.6836 14.80083031349828
ESTCUBE 1               
1 39161U 13021C   19291.92501945  .00000057  00000-0  16919-4 0  9996
2 39161  97.9821  14.6304 0008601 300.4223  59.6097 14.72237066346350
POPACS 1                
1 39268U 13055D   19291.41167310  .00002122  00000-0  58733-4 0  9994
2 39268  81.0048 192.7759 0622394 223.2223 131.8511 14.37772997314524
POPACS 2                
1 39269U 13055E   19291.13721744  .00003175  00000-0  92312-4 0  9991
2 39269  81.0169 225.4989 0681204 308.2115  45.9569 14.24483817312552
POPACS 3                
1 39270U 13055F   19291.56788490  .00002500  00000-0  77548-4 0  9996
2 39270  81.0159 243.4339 0713149   0.0845   0.0320 14.16159576290749
ZACUBE-1 (TSHEPISOSAT)  
1 39417U 13066B   19291.44316355  .00000184  00000-0  29478-4 0  9990
2 39417  97.5626 298.1026 0058817 356.3117   3.7655 14.81162367319068
WNISAT-1                
1 39423U 13066H   19291.58707727  .00000060  00000-0  22226-4 0  9996
2 39423  97.7841 224.8094 0174526 293.2546  65.0370 14.53067523313154
TRITON-1                
1 39427U 13066M   19291.40714043  .00000160  00000-0  33199-4 0  9992
2 39427  97.6918 261.3601 0114726 135.2563 225.7968 14.67890757316195
GOMX-1                  
1 39430U 13066Q   19292.08571731  .00000132  00000-0  33202-4 0  9990
2 39430  97.7601 240.6576 0149940 228.1293 130.7033 14.59296981314453
CUBEBUG-2 (LO-74)       
1 39440U 13066AA  19291.44839191  .00000204  00000-0  35126-4 0  9994
2 39440  97.6104 282.7442 0081389  50.1239 310.7092 14.75899284317939
NEE-02 KRYSAOR          
1 39441U 13066AB  19291.43461453  .00000127  00000-0  24995-4 0  9992
2 39441  97.6155 280.4136 0083035  57.6294 303.2918 14.74938321317742
FUNCUBE-1 (AO-73)       
1 39444U 13066AE  19291.84878786  .00000230  00000-0  34626-4 0  9998
2 39444  97.5597 300.5454 0057710 348.3139  11.6731 14.81991280317430
UWE-3                   
1 39446U 13066AG  19291.71768587  .00000190  00000-0  31756-4 0  9999
2 39446  97.5858 290.1387 0070611  23.0225 337.4125 14.78434788317290
AEROCUBE 5A             
1 39465U 13072D   19292.16418349  .00002688  00000-0  25135-3 0  9992
2 39465 120.4950   7.2122 0271665 359.8434   0.2506 14.74179037  5615
AEROCUBE 5B             
1 39466U 13072E   19291.87212714  .00003758  00000-0  29217-3 0  9992
2 39466 120.4915  30.2914 0247391   5.3948 354.9699 14.83083405  5552
BRITE-CA1 (TORONTO)     
1 40020U 14033L   19291.87236920  .00000053  00000-0  17239-4 0  9990
2 40020  97.7380 128.8899 0088546 126.2669 234.6759 14.66593908285215
DUCHIFAT-1              
1 40021U 14033M   19292.04809925  .00000282  00000-0  34611-4 0  9999
2 40021  97.9253 217.0510 0013360  13.0795 347.0766 14.90707416289773
NANOSATC-BR1            
1 40024U 14033Q   19291.26668939  .00000383  00000-0  45687-4 0  9990
2 40024  97.9133 213.3713 0012788  19.3573 340.8128 14.89909447289547
QB50P1                  
1 40025U 14033R   19291.53720608  .00000284  00000-0  36157-4 0  9995
2 40025  97.9042 211.0109 0013073  24.5776 335.6061 14.88999776289453
QB50P2                  
1 40032U 14033Y   19291.44252649  .00000251  00000-0  33036-4 0  9995
2 40032  97.8957 208.8675 0012469  21.8786 338.2961 14.88531788288830
PERSEUS-M2              
1 40037U 14033AD  19291.80198553  .00000097  00000-0  17233-4 0  9992
2 40037  97.8861 204.9537 0015202  32.7666 327.4489 14.86483612288610
PERSEUS-M1              
1 40039U 14033AF  19291.81691347  .00000097  00000-0  17325-4 0  9996
2 40039  97.8840 203.9723 0015000  30.4973 329.7111 14.86104018288535
POLYITAN-1              
1 40042U 14033AJ  19292.02763705  .00000257  00000-0  33514-4 0  9998
2 40042  97.9124 211.8781 0015075  12.6971 347.4622 14.88717542289437
TIGRISAT                
1 40043U 14033AK  19291.24934301  .00000119  00000-0  24760-4 0  9994
2 40043  97.7386 153.7938 0061299  64.9481 295.8075 14.74300587286212
AEROCUBE 6A             
1 40045U 14033AM  19291.64003147  .00000289  00000-0  48632-4 0  9997
2 40045  97.7621 158.4880 0059131  55.9855 304.6951 14.75441531286309
AEROCUBE 6B             
1 40046U 14033AN  19291.10423248  .00000260  00000-0  44530-4 0  9999
2 40046  97.7549 157.4962 0058337  57.1067 303.5737 14.75423163286227
UKUBE-1                 
1 40074U 14037F   19292.06917322  .00000337  00000-0  47576-4 0  9999
2 40074  98.4483 101.0727 0004107 163.5743 196.5617 14.84115021285807
BRITE-PL2 (HEWELIUSZ)   
1 40119U 14049B   19291.79576347  .00000079  00000-0  15788-4 0  9992
2 40119  97.9031  21.3526 0017533 177.5422 182.5881 14.84433687279696
FIREBIRD 4              
1 40378U 15003C   19291.73915987  .00002153  00000-0  87132-4 0  9998
2 40378  99.1205 297.1322 0127133  44.1193 317.0093 15.19151345260450
GRIFEX                  
1 40379U 15003D   19291.73596461  .00001404  00000-0  63012-4 0  9990
2 40379  99.1222 290.4450 0135629  64.4520 297.0658 15.15733013260072
EXOCUBE (CP10)          
1 40380U 15003E   19291.81304174  .00001238  00000-0  58629-4 0  9992
2 40380  99.1260 286.8950 0140651  76.2014 285.4820 15.13728111259846
AEROCUBE 8A             
1 40659U 15025J   19291.74969561  .00009765  00000-0  12757-3 0  9998
2 40659  55.0198 331.2598 0119777 267.7904  90.9411 15.51356422  5814
AEROCUBE 8B             
1 40660U 15025K   19291.64571700  .00010988  00000-0  14165-3 0  9997
2 40660  55.0172 330.2495 0119130 269.0652  89.6732 15.51602472  5800
TIANWANG 1C (TW-1C)     
1 40926U 15051B   19292.03727003  .00012106  00000-0  16237-3 0  9990
2 40926  97.1216 338.1388 0005494 279.2831 168.9638 15.58083142229198
TIANWANG 1A (TW-1A)     
1 40928U 15051D   19292.02219704  .00002267  00000-0  56214-4 0  9992
2 40928  97.1358 320.5971 0010818 359.8469  84.6128 15.41358552228018
EXACTVIEW 9             
1 40936U 15052G   19291.54239121  .00000795  00000-0  22226-4 0  9993
2 40936   6.0041 272.3239 0010046  65.1019 295.0152 14.76517297219269
AEROCUBE 5C             
1 40965U 15058B   19292.09145756  .00000015  00000-0  21354-4 0  9998
2 40965  64.7771 157.8876 0182367 162.3483 198.4074 14.74421550  5577
AEROCUBE 7              
1 40966U 15058C   19291.71258270  .00000100  00000-0  30922-4 0  9999
2 40966  64.7773 157.8460 0181329 162.2698 198.4848 14.74699976  5515
ATHENOXAT 1             
1 41168U 15077C   19291.47967380  .00001849  00000-0  62162-4 0  9999
2 41168  14.9895  43.4215 0011811 346.7819  13.2192 15.13840820212462
GALASSIA                
1 41170U 15077E   19290.45819641  .00001826  00000-0  60183-4 0  9991
2 41170  14.9896  43.6069 0012831 358.8637   1.1654 15.14162658212376
VELOX-II                
1 41171U 15077F   19291.53762614  .00001448  00000-0  44788-4 0  9992
2 41171  14.9917  72.2227 0008994 284.0997  75.8324 15.11350044212219
HORYU-4                 
1 41340U 16012D   19291.77504351  .00000461  00000-0  28179-4 0  9998
2 41340  31.0050  77.0520 0014130 260.8653  99.0384 15.01334521201374
E-ST@R-II               
1 41459U 16025D   19292.09321256 -.00000015  00000-0  40537-5 0  9999
2 41459  98.1006  24.7533 0165722 307.3205  51.3014 15.05704635190961
AAUSAT 4                
1 41460U 16025E   19291.84629259  .00001016  00000-0  55009-4 0  9997
2 41460  98.0959  26.0515 0155372 299.5324  59.0430 15.07694961191070
DIWATA-1                
1 41463U 98067HT  19292.20497207  .00033953  00000-0  12763-3 0  9997
2 41463  51.6286 328.2580 0002047  30.4580  81.3882 15.87482951199198
BEESAT-4                
1 41619U 16040W   19291.89900599  .00001110  00000-0  49599-4 0  9996
2 41619  97.3545 351.7743 0010068 320.4650  39.5851 15.23376015172465
CANX-7                  
1 41788U 16059F   19292.20730026  .00007261  00000-0  10780-2 0  9996
2 41788  98.2456   9.6969 0022327 345.4822  14.5742 14.75174224164064
RAVAN                   
1 41849U 16067B   19291.27431758  .00000244  00000-0  25645-4 0  9991
2 41849  97.9236  32.2381 0007934 339.1481  20.9416 14.98321575160201
CELTEE 1                
1 41850U 16067C   19291.25458538 -.00000349  00000-0 -24971-4 0  9995
2 41850  97.9206  30.6160 0008522 347.8979  12.2036 14.97062608160119
OPTICUBE 04             
1 41851U 16067D   19292.08197454  .00000260  00000-0  28009-4 0  9991
2 41851  97.9190  31.1924 0008245 345.7928  14.3060 14.96837119160227
AEROCUBE 8D             
1 41852U 16067E   19292.09140411  .00000713  00000-0  67631-4 0  9991
2 41852  97.9205  31.0277 0008911 346.6571  13.4413 14.96770238160207
AEROCUBE 8C             
1 41853U 16067F   19291.84980511 -.00000169  00000-0 -94528-5 0  9990
2 41853  97.9208  30.7100 0009681 348.5622  11.5378 14.96738332160168
PROMETHEUS 2-1          
1 41854U 16067G   19291.53109656 -.00000036  00000-0  21425-5 0  9998
2 41854  97.9209  30.5785 0009938 346.3997  13.6955 14.96978789160125
PROMETHEUS 2-3          
1 41855U 16067H   19290.73087345 -.00000040  00000-0  17865-5 0  9998
2 41855  97.9212  29.7887 0010181 349.5031  10.5976 14.96984446160002
INS-1B                  
1 41954U 17008G   19291.87986512  .00001040  00000-0  45583-4 0  9991
2 41954  97.3874 355.2505 0010793  78.6843 281.5606 15.24183808148410
BGUSAT                  
1 41999U 17008BD  19291.42325291  .00001894  00000-0  75273-4 0  9998
2 41999  97.3957 357.7038 0009858  90.7319 269.5049 15.26500662147860
DIDO-2                  
1 42000U 17008BE  19291.74401846  .00000770  00000-0  34597-4 0  9994
2 42000  97.3886 355.6681 0010224  94.8130 265.4275 15.24065870147794
PEASSS                  
1 42015U 17008BV  19291.43239362  .00000979  00000-0  41998-4 0  9992
2 42015  97.3898 356.5123 0008075  99.6316 260.5834 15.25072946148302
AL-FARABI 1             
1 42016U 17008BW  19291.31317193  .00001247  00000-0  51663-4 0  9998
2 42016  97.3915 357.0816 0007914  99.3342 260.8792 15.25762634148446
NAYIF-1 (EO-88)         
1 42017U 17008BX  19291.75702910  .00001226  00000-0  50754-4 0  9999
2 42017  97.3911 357.5313 0007934  98.0601 262.1538 15.25799311148531
ALTAIR PATHFINDER       
1 42711U 98067LS  19291.67516637  .00100901  15117-4  27692-3 0  9997
2 42711  51.6309  12.4920 0004674 340.0170  20.0654 15.93902561138443
NSIGHT                  
1 42726U 98067MF  19291.77276908  .00032545  00000-0  20228-3 0  9995
2 42726  51.6336  42.1953 0005036 298.9325  61.1170 15.76655829137048
UCLSAT                  
1 42765U 17036A   19291.88758564  .00001028  00000-0  46645-4 0  9994
2 42765  97.3373 347.2073 0012196 152.9477 207.2398 15.22957767129068
LITUANICASAT-2          
1 42768U 17036D   19291.79154506  .00001669  00000-0  73407-4 0  9990
2 42768  97.3415 346.7961 0016026 145.8852 214.3418 15.23149804128890
AALTO-1                 
1 42775U 17036L   19291.14175637  .00000641  00000-0  31463-4 0  9990
2 42775  97.3356 344.9397 0014846 148.5675 211.6451 15.21480029128674
URSA MAIOR              
1 42776U 17036M   19291.22304101  .00000709  00000-0  34339-4 0  9990
2 42776  97.3366 345.2074 0014691 148.1775 212.0352 15.21625547128690
COMPASS 2               
1 42777U 17036N   19291.73879773  .00001325  00000-0  58873-4 0  9993
2 42777  97.3410 347.2108 0013468 146.1568 214.0532 15.23178449128845
DIAMOND RED             
1 42783U 17036U   19291.97756831  .00000710  00000-0  33682-4 0  9993
2 42783  97.3373 346.7948 0012868 154.3569 205.8308 15.22377609128859
PEGASUS                 
1 42784U 17036V   19291.86667406  .00000913  00000-0  42077-4 0  9994
2 42784  97.3377 346.9672 0012719 153.9686 206.2193 15.22694708128859
DIAMOND GREEN           
1 42785U 17036W   19291.97641420  .00000815  00000-0  38221-4 0  9992
2 42785  97.3375 346.8213 0012756 154.8572 205.3289 15.22376765128848
DIAMOND BLUE            
1 42786U 17036X   19291.38401817  .00000820  00000-0  38430-4 0  9990
2 42786  97.3376 346.2403 0012543 156.9083 203.2720 15.22376328128751
NUDTSAT                 
1 42787U 17036Y   19291.91548560  .00001632  00000-0  70684-4 0  9996
2 42787  97.3426 347.9067 0010867 150.2961 209.8895 15.23757122128752
SUCHAI                  
1 42788U 17036Z   19291.11662346  .00001100  00000-0  49438-4 0  9991
2 42788  97.3383 346.6189 0012270 155.2469 204.9359 15.23144889128834
SKCUBE                  
1 42789U 17036AA  19291.92927865  .00001012  00000-0  45865-4 0  9993
2 42789  97.3378 347.3307 0012219 152.6830 207.5052 15.23030992128877
VZLUSAT-1               
1 42790U 17036AB  19291.11465823  .00001435  00000-0  62519-4 0  9991
2 42790  97.3397 347.1208 0011763 153.9160 206.2673 15.23745424128789
ROBUSTA-1B              
1 42792U 17036AD  19291.84642765  .00001068  00000-0  48017-4 0  9994
2 42792  97.3380 347.4295 0011777 153.2160 206.9687 15.23208423128886
CICERO 6                
1 42793U 17036AE  19291.74358278  .00000698  00000-0  32845-4 0  9997
2 42793  97.3361 347.0090 0010989 154.8440 205.3334 15.22735373128922
D-SAT                   
1 42794U 17036AF  19291.20148563  .00000280  00000-0  29345-4 0  9991
2 42794  97.5265 330.4760 0128011  96.5749 265.0060 14.91148645126447
CORVUS BC2              
1 42846U 17042X   19291.73961813 -.00000013  00000-0  39827-5 0  9997
2 42846  97.5490 180.7686 0010050  17.0469 343.1087 14.92011580123215
CORVUS BC1              
1 42847U 17042Y   19291.75171123  .00000005  00000-0  57034-5 0  9997
2 42847  97.5492 180.9069 0009677  16.7617 343.3921 14.92111907123212
MIRATA                  
1 43015U 17073C   19291.52589218  .00000660  00000-0  56117-4 0  9999
2 43015  97.7170 207.9941 0255966 120.5335 242.1411 14.79152017103309
MAKERSAT 0              
1 43016U 17073D   19291.56203340  .00000455  00000-0  40275-4 0  9993
2 43016  97.7205 208.2320 0258330 120.9701 241.7169 14.78860144103304
ASTERIA                 
1 43020U 98067NH  19291.78934542  .00032719  00000-0  21066-3 0  9993
2 43020  51.6419  53.8691 0001681 273.2207  86.8601 15.75860120109079
DELLINGR (RBLE)         
1 43021U 98067NJ  19292.01479703  .00010597  00000-0  11138-3 0  9993
2 43021  51.6379  73.2711 0002012 205.7602 154.3293 15.64946465108838
AEROCUBE 7B (OCSD B)    
1 43042U 17071F   19291.90431256  .00002421  00000-0  65720-4 0  9994
2 43042  51.6375 175.1649 0003988 232.6546 127.4076 15.41838368104932
AEROCUBE 7C (OCSD C)    
1 43043U 17071G   19292.16357954  .00002480  00000-0  67090-4 0  9993
2 43043  51.6375 173.9110 0004155 239.4465 120.6111 15.41836521104949
CHEFSAT                 
1 43044U 17071H   19292.18834016  .00005840  00000-0  13075-3 0  9991
2 43044  51.6378 165.9875 0003990 237.0583 123.0020 15.44962465105052
ASGARDIA 1              
1 43049U 17071N   19291.84676300  .00002417  00000-0  65356-4 0  9995
2 43049  51.6385 174.8378 0001664 252.1931 107.8873 15.41955194104900
ISARA                   
1 43050U 17071P   19291.85592341  .00004454  00000-0  10373-3 0  9991
2 43050  51.6364 168.9572 0001498 242.1993 117.8842 15.44403507104985
PROPCUBE 2 (FAUNA)      
1 43052U 17071R   19291.76420443  .00002822  00000-0  73933-4 0  9995
2 43052  51.6382 174.3059 0001592 246.5340 113.5478 15.42276599104892
CORVUS BC3              
1 43118U 18004H   19291.88438710  .00000650  00000-0  30662-4 0  9993
2 43118  97.4746 358.7668 0010512 174.8973 185.2372 15.22990948 98078
MICROMAS-2A             
1 43131U 18004W   19291.97950156  .00001437  00000-0  61473-4 0  9999
2 43131  97.4778 359.8447 0009518 174.4441 185.6903 15.24435916 98148
SPACEBEE-4              
1 43139U 18004AE  19291.86376624  .00002195  00000-0  89779-4 0  9998
2 43139  97.4796   0.4053 0008976 176.2224 183.9083 15.25396711 98166
SPACEBEE-3              
1 43140U 18004AF  19291.46935179  .00002687  00000-0  10727-3 0  9994
2 43140  97.4808   0.3742 0008749 176.7811 183.3485 15.26014480 98128
SPACEBEE-2              
1 43141U 18004AG  19291.88340670  .00002864  00000-0  11341-3 0  9997
2 43141  97.4817   0.9137 0008774 174.9587 185.1741 15.26229618 98194
SPACEBEE-1              
1 43142U 18004AH  19291.83265663  .00003062  00000-0  12018-3 0  9994
2 43142  97.4818   1.0044 0008804 174.9981 185.1347 15.26467956 98187
CICERO 7                
1 43143U 18004AJ  19291.13994709  .00001396  00000-0  59642-4 0  9991
2 43143  97.4762 359.2197 0007343 184.2117 175.9060 15.24543022 98035
GOMX-4B                 
1 43196U 18015E   19292.15910264  .00000239  00000-0  12807-4 0  9995
2 43196  97.4069  58.0963 0017600 235.5670 124.3911 15.24032923 94996
GOMX-4A                 
1 43197U 18015F   19292.08836881  .00000360  00000-0  17711-4 0  9994
2 43197  97.4084  58.0641 0017708 235.6348 240.3702 15.24145037 94997
1KUNS-PF                
1 43466U 98067NP  19291.82227030  .00030670  00000-0  24403-3 0  9991
2 43466  51.6357  72.6682 0001224 269.7947  90.2911 15.70929036 82088
UBAKUSAT                
1 43467U 98067NQ  19291.90534161  .00016096  00000-0  16273-3 0  9999
2 43467  51.6362  79.9985 0002033 179.4984 180.6013 15.65479756 82000
BATSU-CS1 (IRAZU)       
1 43468U 98067NR  19291.83564196  .00048431  00000-0  30335-3 0  9996
2 43468  51.6367  65.9376 0001822 291.6260  68.4546 15.76301618182169
CUBERRT                 
1 43546U 98067NU  19291.52617622  .00009334  00000-0  90994-4 0  9999
2 43546  51.6370  81.2167 0003733 233.2765 126.7888 15.67029625 72085
TEMPEST-D               
1 43547U 98067NV  19291.87989305  .00004474  00000-0  62440-4 0  9993
2 43547  51.6376  93.3524 0005221 216.4535 143.6102 15.59151056 71637
RAINCUBE                
1 43548U 98067NW  19291.49505035  .00016356  00000-0  17422-3 0  9997
2 43548  51.6356  87.7420 0005113 233.1547 126.8980 15.64129809 72126
HALOSAT                 
1 43549U 98067NX  19291.56949440  .00013351  00000-0  14409-3 0  9992
2 43549  51.6367  87.5138 0004771 236.7160 123.3378 15.63991122 71690
ENDUROSAT ONE           
1 43551U 98067NZ  19291.89536726  .00020718  00000-0  20117-3 0  9998
2 43551  51.6362  82.1832 0005344 249.4357 110.6066 15.66281759 72208
EQUISAT                 
1 43552U 98067PA  19291.86521571  .00015572  00000-0  16464-3 0  9990
2 43552  51.6378  85.0234 0005661 245.1641 114.8765 15.64361617 72128
AEROCUBE 12A            
1 43556U 18046C   19292.14871627  .00000706  00000-0  37257-4 0  9992
2 43556  51.6419 189.1228 0008761 144.1387 216.0183 15.29012570 70293
AEROCUBE 12B            
1 43557U 18046D   19291.84697219  .00000847  00000-0  42401-4 0  9995
2 43557  51.6427 190.8526 0008691 143.2384 216.9193 15.28850644 70192
UITMSAT-1               
1 43589U 98067PD  19291.84877165  .00018233  00000-0  18830-3 0  9997
2 43589  51.6350  85.5777 0005068 253.4466 106.5972 15.64826366 67852
MAYA-1                  
1 43590U 98067PE  19290.82071749  .00017864  00000-0  18478-3 0  9997
2 43590  51.6348  90.7178 0005225 248.2260 111.8179 15.64803049 67629
BHUTAN-1                
1 43591U 98067PF  19291.44542594  .00017968  00000-0  18520-3 0  9991
2 43591  51.6368  87.4245 0005316 251.6567 108.3851 15.64887699 67721
SIRIUSSAT-1             
1 43595U 98067PG  19291.94838673  .00016124  00000-0  17344-3 0  9992
2 43595  51.6349  87.0008 0003343 212.5861 147.4928 15.63897950 66951
SIRIUSSAT-2             
1 43596U 98067PH  19291.92759036  .00017062  00000-0  18441-3 0  9997
2 43596  51.6361  87.6606 0003813 212.6475 147.4284 15.63725455 66944
TANUSHA-3               
1 43597U 98067PJ  19291.90458953  .00023255  00000-0  22597-3 0  9998
2 43597  51.6343  84.4206 0003448 232.8754 127.1927 15.66191458 66980
SURFSAT                 
1 43614U 18070B   19292.13580048  .00002716  00000-0  72642-4 0  9997
2 43614  93.0352  54.2440 0015403 183.7854 176.3286 15.38013710 61223
CP7 (DAVE)              
1 43615U 18070C   19292.01848328  .00002675  00000-0  71769-4 0  9996
2 43615  93.0357  54.1943 0015540 183.8715 176.2421 15.37916131 61201
ELFIN-B                 
1 43616U 18070D   19291.57996496  .00003695  00000-0  96459-4 0  9993
2 43616  93.0319  53.9193 0016090 189.3109 170.7849 15.38731296 61158
ELFIN-A                 
1 43617U 18070E   19291.63459358  .00004159  00000-0  10828-3 0  9993
2 43617  93.0372  54.2522 0015404 185.4999 174.6088 15.38815898 61160
CUBEBEL-1 (BSUSAT-1)    
1 43666U 18083E   19292.12050696  .00000904  00000-0  48022-4 0  9990
2 43666  97.5130 315.7320 0016415 119.5523 316.9845 15.17769932 53853
DEBRISSAT-2             
1 43680U 98067PR  19291.85798818  .00031868  00000-0  28483-3 0  9991
2 43680  51.6351  83.4043 0003476 251.2227 108.8393 15.68078426 75727
CICERO 10               
1 43690U 18088A   19291.63826775  .00000838  00000-0  37115-4 0  9993
2 43690  85.0391 238.2106 0017147 116.3888 243.9116 15.19817266 51870
IRVINE01                
1 43693U 18088D   19291.61120441  .00002321  00000-0  99998-4 0  9997
2 43693  85.0366 237.5727 0020724 102.4179 257.9383 15.21787658 51909
PROXIMA I               
1 43694U 18088E   19291.64367009  .00000934  00000-0  39375-4 0  9995
2 43694  85.0335 237.3476 0021828  95.3251 265.0482 15.21546347 51922
PROXIMA II              
1 43696U 18088G   19291.64243125  .00000935  00000-0  39445-4 0  9998
2 43696  85.0336 237.3500 0021860  95.2945 265.0792 15.21550779 51915
FACSAT-1                
1 43721U 18096C   19292.19236424  .00001037  00000-0  42374-4 0  9990
2 43721  97.4486   1.8029 0016288 256.5843 103.3580 15.26562523 49421
CENTAURI-2              
1 43722U 18096D   19291.75989413  .00001601  00000-0  63344-4 0  9992
2 43722  97.4492   1.4670 0016414 258.7700 101.1693 15.26852338 49353
INNOSAT-2               
1 43738U 18096V   19292.16988227  .00002145  00000-0  78116-4 0  9994
2 43738  97.4493   2.9152 0022554 268.1654  91.7002 15.29119165 49497
SIRION PATHFINDER-2     
1 43759U 18099B   19292.12363330 -.00000060  00000-0 -19913-6 0  9996
2 43759  97.7341   2.5404 0012906 272.2579  87.7164 14.95172639 47717
CORVUS-BC 4             
1 43767U 18099K   19292.10836887 -.00000197  00000-0 -12854-4 0  9991
2 43767  97.7329   2.1942 0010354 276.7195  83.2847 14.94616773 47702
MOVE-II                 
1 43780U 18099Y   19291.74398720  .00000821  00000-0  80001-4 0  9995
2 43780  97.7340   2.0684 0012104 285.7116  74.2769 14.95153712 47646
SPACEBEE-7              
1 43816U 18099BL  19292.00151973  .00000481  00000-0  48630-4 0  9996
2 43816  97.7352   2.5569 0012057 267.8440  92.1401 14.95487705 47255
SPACEBEE-5              
1 43817U 18099BM  19291.16236699  .00001051  00000-0  99242-4 0  9991
2 43817  97.7386   1.8728 0011718 271.1587  88.8292 14.95823124 47131
SPACEBEE-6              
1 43818U 18099BN  19291.78861618  .00000190  00000-0  22366-4 0  9991
2 43818  97.7361   2.3931 0012082 268.6545  91.3292 14.95593910 47379
SHIELDS 1               
1 43850U 18104B   19291.67798537  .00000041  00000-0  00000-0 0  9993
2 43850  85.0289 335.8400 0012776 238.8145 121.1845 15.21167361 46567
STF-1                   
1 43852U 18104D   19291.19174836  .00000041  00000-0  00000-0 0  9992
2 43852  85.0295 336.5062 0012282 251.3354 108.6622 15.20783002 46470
ZACUBE-2                
1 43907U 18111AH  19292.17673646  .00000501  00000-0  23276-4 0  9998
2 43907  97.2791 193.9803 0019969 280.2615  79.6371 15.24301394 45106
LUME 1                  
1 43908U 18111AJ  19291.49864493  .00000923  00000-0  40185-4 0  9991
2 43908  97.2790 193.3687 0019884 283.0559  76.8459 15.24533503 45008
AOBA VELOX-IV           
1 43940U 19003J   19292.00750796  .00001783  00000-0  75594-4 0  9993
2 43940  97.2644 346.2338 0024607   4.7444  79.9037 15.24146638 41713
CATSAT-2                
1 44029U 98067PV  19291.59811453  .00008441  00000-0  11482-3 0  9993
2 44029  51.6379 100.4937 0004463 239.5157 120.5395 15.58492337 40573
DELPHINI                
1 44030U 98067PW  19291.64327004  .00012167  00000-0  16099-3 0  9994
2 44030  51.6360 100.0170 0004441 237.1474 122.9091 15.58749913 40554
UNITE                   
1 44031U 98067PX  19291.06858665  .00006988  00000-0  10133-3 0  9990
2 44031  51.6380 104.4415 0003078 228.1119 131.9610 15.57075455 40445
TECHEDSAT 8             
1 44032U 98067PY  19291.92587940  .00039031  00000-0  38607-3 0  9992
2 44032  51.6361  92.9009 0003871 245.2508 114.8085 15.65455420 40650
CATSAT-1                
1 44033U 98067PZ  19291.59794397  .00007996  00000-0  10912-3 0  9996
2 44033  51.6381 100.4938 0004238 239.0216 121.0360 15.58493128 40480
RAAVANA-1               
1 44329U 98067QE  19291.49299144  .00008243  00000-0  13481-3 0  9993
2 44329  51.6395 108.0382 0007374 173.2880 186.8211 15.53444264 19189
UGUISU                  
1 44330U 98067QF  19291.56043525  .00008010  00000-0  13143-3 0  9990
2 44330  51.6393 107.7380 0007342 172.0200 188.0909 15.53400726 19173
NEPALISAT-1             
1 44331U 98067QG  19291.55456631  .00007964  00000-0  13034-3 0  9992
2 44331  51.6394 107.6994 0007484 174.7364 185.3706 15.53478725 19182
SPOOQY-1                
1 44332U 98067QH  19291.55193924  .00008104  00000-0  13243-3 0  9995
2 44332  51.6392 107.6802 0006189 175.9972 184.1069 15.53499981 19140
SPACEBEE-9              
1 44370U 19037F   19291.68718398  .00005236  00000-0  13607-3 0  9996
2 44370  45.0163  29.5521 0015000 202.6530 157.3680 15.40087924 17139
SPACEBEE-8              
1 44371U 19037G   19291.71869753  .00011890  00000-0  28782-3 0  9996
2 44371  45.0145  28.9481 0014676 206.3082 153.7050 15.41132543 17139
MOVE-IIB                
1 44398U 19038N   19292.14574205  .00000985  00000-0  61197-4 0  9990
2 44398  97.5027 252.0733 0024008 240.7469 119.1361 15.11769702 15960
SONATE                  
1 44400U 19038Q   19291.81413531  .00000356  00000-0  24628-4 0  9991
2 44400  97.5042 251.7592 0023941 239.8559 120.0299 15.11708326 15915
LUCKY-7                 
1 44406U 19038W   19291.60242135  .00000462  00000-0  30622-4 0  9993
2 44406  97.5041 251.5802 0023375 240.5907 119.2990 15.11908519 15878
BEESAT 9                
1 44412U 19038AC  19291.53936418  .00000667  00000-0  42582-4 0  9991
2 44412  97.5037 251.5083 0021417 246.9817 112.9155 15.11884807 15568
JAISAT-1                
1 44419U 19038F   19291.76969271  .00000722  00000-0  45226-4 0  9996
2 44419  97.5039 251.8156 0020244 245.8186 114.0929 15.12374626 15910
SWIATOWID               
1 44426U 98067QL  19292.12231576  .00012143  00000-0  19464-3 0  9998
2 44426  51.6421 105.2764 0004880 132.9564 331.3272 15.53509453 16756
KRAKSAT                 
1 44427U 98067QM  19291.67811044  .00006001  00000-0  10325-3 0  9995
2 44427  51.6406 107.7834 0004503 132.1931 227.9442 15.52600039 16724
VCC A                   
1 44428U 98067QN  19290.88739346  .00006845  00000-0  11512-3 0  9997
2 44428  51.6407 111.5043 0003792 146.6234 213.4995 15.52985952 16606
ENTRYSAT                
1 44429U 98067QP  19292.03896458  .00009035  00000-0  14835-3 0  9990
2 44429  51.6406 105.6912 0003592 143.0343 217.0895 15.53209703 16787
VCC C                   
1 44430U 98067QQ  19291.58877027  .00009458  00000-0  15436-3 0  9999
2 44430  51.6403 107.9380 0003731 152.3522 207.7667 15.53312880 15544
VCC B                   
1 44431U 98067QR  19290.88897146  .00006913  00000-0  11624-3 0  9994
2 44431  51.6403 111.5112 0004017 147.0682 213.0559 15.52974812 16544
