MTI                     
1 26102U 00014A   19291.09303797  .00003403  00000-0  54527-4 0  9993
2 26102  97.5373 155.9421 0009681  45.8840 314.3116 15.53833348 86700
CFESAT                  
1 30777U 07006F   19291.79965311  .00002483  00000-0  71610-4 0  9996
2 30777  35.4258  63.4415 0004516 158.5634 201.5282 15.35547763699116
SPIRALE A               
1 33751U 09008C   19291.83361247  .00000005  00000-0 -33564-4 0  9993
2 33751   2.0724  76.4381 5395266 245.4233  50.3925  4.58716925150146
SPIRALE B               
1 33752U 09008D   19291.83539517  .00000493  00000-0  16328-3 0  9999
2 33752   1.9774 282.3447 6912522 192.4529 132.2302  2.75048195 98112
SAPPHIRE                
1 39088U 13009C   19291.91073147 -.00000024  00000-0  68599-5 0  9994
2 39088  98.4873 132.9564 0010314 287.6252  72.3806 14.34197499347719
