CALSPHERE 1             
1 00900U 64063C   19292.11889038  .00000228  00000-0  23512-3 0  9997
2 00900  90.1547  24.5186 0028518  68.5429   3.2035 13.73285411737196
CALSPHERE 2             
1 00902U 64063E   19291.21491318  .00000028  00000-0  28672-4 0  9990
2 00902  90.1652  27.0395 0020270  92.9300 299.2945 13.52676541527202
LCS 1                   
1 01361U 65034C   19291.79095054  .00000013  00000-0  64649-3 0  9996
2 01361  32.1381 194.7056 0007484 292.5205  67.4500  9.89296536968890
TEMPSAT 1               
1 01512U 65065E   19291.68011674  .00000038  00000-0  58845-4 0  9991
2 01512  89.8654 229.1772 0067926 241.2210 236.7127 13.33422769635735
CALSPHERE 4(A)          
1 01520U 65065H   19292.12281071  .00000039  00000-0  56589-4 0  9994
2 01520  90.0412 128.1821 0071478 124.6407  23.6542 13.35797593638258
OPS 5712 (P/L 160)      
1 02826U 67053A   19291.90530971  .00000501  00000-0  14867-3 0  9990
2 02826  69.9294  46.4835 0009627 278.8277  81.1765 14.48848630711805
OPS 5712 (P/L 153)      
1 02874U 67053H   19291.50606778 -.00000030  00000-0  16724-4 0  9991
2 02874  69.9724 288.9790 0004738 129.0315 231.1212 13.96336733667494
SURCAL 150B             
1 02909U 67053J   19291.80902675  .00000686  00000-0  15202-3 0  9993
2 02909  69.9474  81.2605 0006363 314.1694  45.8922 14.61436622721420
RIGIDSPHERE 2 (LCS 4)   
1 05398U 71067E   19291.87805650  .00000155  00000-0  48193-4 0  9997
2 05398  87.6159 291.0771 0063114 354.6890   5.3629 14.33828237524883
