SAUDISAT 1C             
1 27607U 02058C   19292.08248009 -.00000002  00000-0  20535-4 0  9993
2 27607  64.5567  35.3982 0074774 232.7169 126.7101 14.75580050905092
SAUDISAT 2              
1 28371U 04025F   19292.19599163  .00000088  00000-0  31452-4 0  9993
2 28371  98.2434 238.9979 0025292 218.2654 141.6764 14.54356133811967
SAUDISAT 3              
1 31118U 07012B   19292.10326438 -.00000008  00000-0  65194-5 0  9993
2 31118  97.8330 254.7052 0016403  59.8142 300.4687 14.69143323670382
PISAT                   
1 41784U 16059B   19291.71386092  .00000084  00000-0  25319-4 0  9999
2 41784  98.0555 349.3227 0031814   0.4890 359.6338 14.63458688163400
FLYING LAPTOP           
1 42831U 17042G   19292.14043373  .00000012  00000-0  65476-5 0  9996
2 42831  97.5478 179.9068 0014663  18.6710 341.5044 14.91043149123185
