PROBA-1                 
1 26958U 01049B   19292.10293810  .00000586  00000-0  55712-4 0  9994
2 26958  97.6830 245.9119 0072660 351.6563   8.3448 14.95425669979122
BIRD 2                  
1 26959U 01049C   19291.65052656  .00001024  00000-0  30736-4 0  9992
2 26959  97.8659 303.3683 0007005 231.2470 128.8148 15.37085532997325
CUTE-1 (CO-55)          
1 27844U 03031E   19291.43547748  .00000037  00000-0  36200-4 0  9991
2 27844  98.6854 297.8343 0010577  43.6896 316.5118 14.22199895845551
CUBESAT XI-IV (CO-57)   
1 27848U 03031J   19291.88460346  .00000023  00000-0  30287-4 0  9996
2 27848  98.6928 298.8015 0010615  53.4094 306.8058 14.21792280845502
GENESIS 1               
1 29252U 06029A   19291.77856421  .00000448  00000-0  31982-4 0  9992
2 29252  64.5184  15.1750 0035834 216.1719 143.6981 15.17876096731260
FALCONSAT-3             
1 30776U 07006E   19291.72308904  .00002674  00000-0  74380-4 0  9996
2 30776  35.4360  31.6225 0001986 155.3368 204.7454 15.36634320699463
GENESIS 2               
1 31789U 07028A   19291.85843761  .00000347  00000-0  27496-4 0  9995
2 31789  64.5044  56.0084 0050920 274.6036  84.9272 15.17031224678379
APRIZESAT 4             
1 35684U 09041D   19291.74122608  .00000038  00000-0  12789-4 0  9994
2 35684  98.2418 258.9333 0046127 231.2715 128.4368 14.79229424551304
APRIZESAT 3             
1 35686U 09041F   19291.74104948  .00000050  00000-0  12015-4 0  9999
2 35686  98.2205 335.7041 0074132 118.3943 242.4770 14.87332208554058
PROBA-2                 
1 36037U 09059B   19291.61776645  .00000020  00000-0  15521-4 0  9996
2 36037  98.2308 120.4926 0012473 224.2856 135.7343 14.53080872528066
APRIZESAT 5             
1 37792U 11044E   19291.48891746  .00000035  00000-0  13538-4 0  9999
2 37792  98.4187 115.5809 0057483 217.6616 142.0561 14.75342288439663
APRIZESAT 6             
1 37793U 11044F   19291.59470853  .00000030  00000-0  13568-4 0  9992
2 37793  98.4041  92.6946 0045788 251.0471 166.0648 14.72409750438695
TET-1                   
1 38710U 12039D   19291.78796900  .00002532  00000-0  47077-4 0  9993
2 38710  97.6204 300.4056 0002515  50.4053 309.7420 15.49949365406287
STSAT-2C                
1 39068U 13003A   19292.03416401  .00238171  23147-4  32058-3 0  9999
2 39068  80.1644  31.3581 0063879  52.6345 308.0719 16.02257668364633
PROBA-V                 
1 39159U 13021A   19292.41285473  .00000003  00000-0  19995-4 0  9991
2 39159  98.4975 353.8117 0005034  53.1919 306.9794 14.22978513335088
STPSAT-3                
1 39380U 13064A   19291.90543007  .00000688  00000-0  24610-4 0  9996
2 39380  40.4999  90.2294 0004764 311.5324  48.5081 15.37184340331094
APRIZESAT 7             
1 39416U 13066A   19292.09844387  .00000065  00000-0  13923-4 0  9998
2 39416  97.5387 309.4490 0040286 324.4433  35.4098 14.83911893319858
APRIZESAT 8             
1 39425U 13066K   19291.85129405  .00000037  00000-0  11164-4 0  9992
2 39425  97.5542 300.0507 0051664 350.8098   9.2164 14.81134513318989
BUGSAT-1 (TITA)         
1 40014U 14033E   19292.10138718  .00000824  00000-0  79647-4 0  9993
2 40014  98.0283 242.4612 0032393  17.6339 342.5999 14.95334463290791
SAUDISAT 4              
1 40016U 14033G   19291.86859434  .00000017  00000-0  98026-5 0  9999
2 40016  97.7426 159.2096 0049535  52.6624 307.9083 14.75255361286994
APRIZESAT 9             
1 40018U 14033J   19291.80182258  .00000026  00000-0  11976-4 0  9996
2 40018  97.7283 139.9910 0072866  96.0564 264.8953 14.69946647285886
APRIZESAT 10            
1 40019U 14033K   19291.78351755  .00000018  00000-0  11123-4 0  9999
2 40019  97.7346 130.3989 0085474 121.8175 239.1389 14.67008277285369
TDS 1                   
1 40076U 14037H   19291.82135988  .00000761  00000-0  97941-4 0  9996
2 40076  98.4328  92.6968 0006293 337.8913  22.2054 14.84291196285473
TIANTUO 2               
1 40144U 14053B   19292.07004925  .00000547  00000-0  18644-4 0  9999
2 40144  97.2676  13.9293 0013131  95.5100  24.3048 15.34491696285888
TECHNOSAT               
1 42829U 17042E   19291.82126753  .00000131  00000-0  18642-4 0  9995
2 42829  97.5469 179.5138 0014768  19.3541 340.8236 14.91010046123132
FLYING LAPTOP           
1 42831U 17042G   19292.14043373  .00000012  00000-0  65476-5 0  9996
2 42831  97.5478 179.9068 0014663  18.6710 341.5044 14.91043149123185
HAWK-A                  
1 43765U 18099H   19291.87334392  .00000399  00000-0  40673-4 0  9998
2 43765  97.7314   2.6047 0013585 288.7552  71.2195 14.96018475 47704
HAWK-B                  
1 43794U 18099AN  19291.87374356  .00000407  00000-0  41425-4 0  9990
2 43794  97.7314   2.6050 0013686 288.8689  71.1048 14.96017495 47699
HAWK-C                  
1 43799U 18099AT  19291.87354146  .00000402  00000-0  40965-4 0  9993
2 43799  97.7317   2.5217 0013542 288.4759  71.4990 14.96017872 48448
