STARLETTE               
1 07646U 75010A   19291.67209710 -.00000133  00000-0  64387-5 0  9991
2 07646  49.8264 349.7155 0205731 304.1520  54.0015 13.82306509257922
LAGEOS 1                
1 08820U 76039A   19291.97075868  .00000020  00000-0  00000-0 0  9997
2 08820 109.8568  65.8670 0044049 102.9081 279.8020  6.38664916758064
AJISAI (EGS)            
1 16908U 86061A   19291.90135385 -.00000112  00000-0 -10504-3 0  9990
2 16908  50.0094  69.4967 0011572 107.0068  25.5327 12.44490611177532
LAGEOS 2                
1 22195U 92070B   19291.59052764 -.00000009  00000-0  00000-0 0  9997
2 22195  52.6792   4.6652 0138376 202.9913  75.2628  6.47293524638086
STELLA                  
1 22824U 93061B   19291.94156701 -.00000039  00000-0  32169-5 0  9991
2 22824  98.9376 272.0394 0007467  89.9350   6.9961 14.27378382357648
LARES                   
1 38077U 12006A   19291.50231687 -.00000063  00000-0 -15104-3 0  9993
2 38077  69.4925 129.1976 0009793 192.6330 167.4453 12.54930375351838
