TDRS 3                  
1 19548U 88091B   19292.20059865 -.00000295  00000-0  00000+0 0  9997
2 19548  14.2907 359.6064 0036512 312.7993  98.0607  1.00280947100974
FLTSATCOM 8 (USA 46)    
1 20253U 89077A   19292.02434622 -.00000075  00000-0  00000+0 0  9991
2 20253  13.0560   7.4362 0002515 214.5136 246.0391  1.00274156236211
SKYNET 4C               
1 20776U 90079A   19291.85806652  .00000131  00000-0  00000+0 0  9993
2 20776  13.9844   8.0104 0003571 217.9094 143.4592  1.00273301106545
TDRS 5                  
1 21639U 91054B   19291.75455410  .00000091  00000-0  00000+0 0  9992
2 21639  14.4180  12.8848 0020393   0.4757 117.6827  1.00277790103304
TDRS 6                  
1 22314U 93003B   19292.19195459 -.00000289  00000-0  00000+0 0  9992
2 22314  14.0922  15.9725 0000998 246.6650 147.7149  1.00280983 97983
UFO 2 (USA 95)          
1 22787U 93056A   19291.84840986  .00000132  00000-0  00000-0 0  9994
2 22787  11.2053  16.8954 0005329 161.5618 182.7947  1.00276899 94182
USA 99 (MILSTAR-1 1)    
1 22988U 94009A   19292.14761278 -.00000258  00000-0  00000+0 0  9995
2 22988  13.7383  53.8592 0003215 168.9672 178.9022  1.00271558  7249
ASTRA 1D                
1 23331U 94070A   19291.27816801 -.00000261  00000-0  00000-0 0  9997
2 23331   8.7743  43.6408 0003474 166.5502 203.4383  1.00270469 91889
UFO 4 (USA 108)         
1 23467U 95003A   19291.75793432 -.00000018  00000-0  00000-0 0  9991
2 23467   9.9124  22.1723 0002470 135.8330 313.9972  1.00271126 90577
AMSC 1                  
1 23553U 95019A   19291.33306758 -.00000092  00000-0  00000-0 0  9991
2 23553  11.0258  32.9550 0000909  91.4136 275.6428  1.00273363 89773
TDRS 7                  
1 23613U 95035B   19291.72468279 -.00000196  00000-0  00000+0 0  9990
2 23613  14.2343   6.6760 0026505  22.8720 342.9794  1.00276538 88756
USA 113                 
1 23628U 95038A   19291.77519997 -.00000333  00000-0  00000+0 0  9991
2 23628  11.2128  31.8323 0001945 199.2291 178.8081  1.00275988  7213
USA 115 (MILSTAR-1 2)   
1 23712U 95060A   19292.15675639 -.00000195  00000-0  00000+0 0  9995
2 23712  13.0832  21.9566 0001719 182.7701 149.0509  1.00274875  7242
INMARSAT 3-F1           
1 23839U 96020A   19291.86434751  .00000010  00000-0  00000-0 0  9993
2 23839   5.6007  63.4981 0005553 142.8705 196.3586  1.00273022 85919
ASTRA 1F                
1 23842U 96021A   19291.86024743  .00000141  00000-0  00000-0 0  9999
2 23842   0.0666  67.1630 0004739 139.0204 174.8929  1.00271113 27931
MSAT M1                 
1 23846U 96022A   19291.90177172 -.00000081  00000-0  00000-0 0  9998
2 23846   8.9557  43.0178 0003766 156.8025  44.4196  1.00271892 86014
INMARSAT 3-F2           
1 24307U 96053A   19291.86914549 -.00000151  00000-0  00000-0 0  9995
2 24307   4.3849  73.2768 0004002 132.4815 222.7741  0.99979082 84582
AMC-1 (GE-1)            
1 24315U 96054A   19290.29418866  .00000072  00000-0  00000+0 0  9992
2 24315   3.3865  80.3080 0002929 121.6815 158.5617  1.00273838 84600
INMARSAT 3-F3           
1 24674U 96070A   19291.67155611  .00000040  00000-0  00000-0 0  9993
2 24674   5.1117  67.5252 0005272 138.0575 241.1527  1.00271788 83571
AMC-2 (GE-2)            
1 24713U 97002A   19291.90630799 -.00000208  00000-0  00000-0 0  9991
2 24713   5.9111  61.6121 0005143 154.5713  52.3531  1.00270687 83182
INTELSAT 26 (IS-26)     
1 24732U 97007A   19291.86382410  .00000022  00000-0  00000-0 0  9999
2 24732   8.6991  44.4129 0003393 184.5442 171.2869  1.00273549 48336
USA 130 (DSP 18)        
1 24737U 97008A   19291.78884821  .00000037  00000-0  00000+0 0  9994
2 24737  13.4425  21.8556 0001373 291.9068   5.1602  1.00279661  7205
GALAXY 25 (G-25)        
1 24812U 97026A   19291.85797928  .00000158  00000-0  00000-0 0  9992
2 24812   1.3545  92.3246 0003278 112.0757 164.4022  1.00272771 81977
INTELSAT 5 (IS-5)       
1 24916U 97046A   19292.15469278  .00000095  00000-0  00000+0 0  9996
2 24916   5.2196  66.8416 0003239 135.8925 103.3166  1.00272973 81211
AMC-3 (GE-3)            
1 24936U 97050A   19292.12422328 -.00000257  00000-0  00000+0 0  9996
2 24936   2.2406  87.4669 0003051 135.8527 136.7433  1.00271324 81051
NSS-5                   
1 24957U 97053A   19291.86155597  .00000110  00000-0  00000-0 0  9991
2 24957   5.4847  65.0307 0004075 144.8069 177.8961  1.00272998 80775
USA 134                 
1 25019U 97065A   19292.17193833 -.00000057  00000-0  00000+0 0  9994
2 25019   9.9379  37.6672 0005590 256.9808  42.8686  1.00272901  7209
ASTRA 1G                
1 25071U 97076A   19291.86408580  .00000022  00000-0  00000-0 0  9999
2 25071   4.0918  74.5399 0003789 136.2835 190.5757  1.00273861 80157
INMARSAT 3-F5           
1 25153U 98006B   19291.76891141 -.00000284  00000-0  00000-0 0  9993
2 25153   4.2996  71.3574 0005074 135.4399  42.9844  1.00275334 79490
UFO 8 (USA 138)         
1 25258U 98016A   19291.75793432 -.00000019  00000-0  00000-0 0  9999
2 25258   8.4198  33.7539 0002805 195.7642 241.8356  1.00273817 79456
INTELSAT 805 (IS-805)   
1 25371U 98037A   19292.10049512 -.00000027  00000-0  00000+0 0  9999
2 25371   1.8864  89.5913 0003443 125.4168  17.6051  1.00273017 78166
ASTRA 2A                
1 25462U 98050A   19292.06021556 -.00000302  00000-0  00000+0 0  9994
2 25462   1.0529  95.7303 0002611 108.7525 304.4945  1.00269585 77349
JCSAT-4A                
1 25630U 99006A   19291.80956337 -.00000199  00000-0  00000+0 0  9992
2 25630   4.0736  75.4534 0003462 154.1749 238.8431  1.00270584 75606
SKYNET 4E               
1 25639U 99009B   19291.99476521 -.00000027  00000-0  00000+0 0  9996
2 25639  10.7401  22.5516 0003161 194.9962 166.5159  1.00272551 75628
ASIASAT 3S              
1 25657U 99013A   19291.80903994 -.00000220  00000-0  00000+0 0  9995
2 25657   4.2691  73.8623 0002691 138.4272 253.5131  1.00271566 75429
NIMIQ 1                 
1 25740U 99027A   19291.90595905 -.00000196  00000-0  00000-0 0  9996
2 25740   0.5228  95.8506 0005214 116.5561  54.3442  1.00271309 74654
ASTRA 1H                
1 25785U 99033A   19290.40004659 -.00000098  00000-0  00000+0 0  9997
2 25785   5.5029  65.1899 0005873 146.4048 239.5907  0.99197639 74377
ABS-7                   
1 25894U 99046A   19292.15923493 -.00000360  00000-0  00000+0 0  9994
2 25894   0.4008  96.7281 0003550 131.6911 332.4119  1.00271351 72743
ABS-6                   
1 25924U 99053A   19291.88319047 -.00000116  00000-0  00000-0 0  9999
2 25924   0.0303  75.8085 0002253 156.0118 272.2433  1.00277136 73489
TELSTAR 12 (ORION 2)    
1 25949U 99059A   19291.61432934 -.00000059  00000-0  00000+0 0  9999
2 25949   2.7523  85.7098 0004861 149.5952 263.5125  1.00271738 73127
AMC-4 (GE-4)            
1 25954U 99060A   19291.68097760  .00000090  00000-0  00000+0 0  9992
2 25954   0.0112 211.7749 0002674 355.4192 289.9184  1.00269715 73080
UFO 10 (USA 146)        
1 25967U 99063A   19291.63151483 -.00000178  00000-0  00000-0 0  9996
2 25967   7.5956  36.3358 0002445 124.4138  70.7148  1.00279849 72948
GALAXY 11 (G-11)        
1 26038U 99071A   19291.90465052 -.00000160  00000-0  00000-0 0  9996
2 26038   0.6514  99.7333 0001399 169.2339 350.7367  1.00271620 72689
USA 148                 
1 26052U 00001A   19292.10276326  .00000048  00000-0  00000+0 0  9997
2 26052   8.0429  47.9989 0000475 134.2598  62.5078  1.00267723  7221
ASIASTAR                
1 26107U 00016A   19291.88868802 -.00000330  00000-0  00000-0 0  9990
2 26107   3.4763  78.4981 0004341 131.8569 241.7006  1.00274193 71536
USA 149 (DSP 20)        
1 26356U 00024A   19291.51615793  .00000104  00000-0  00000-0 0  9992
2 26356  11.3485  28.1871 0002047 251.1854 127.3690  1.00270811  8514
EUTELSAT 80A            
1 26369U 00028A   19291.86103255  .00000125  00000-0  00000-0 0  9996
2 26369   2.8414  82.5304 0004507 135.8538 166.7822  1.00273660 71036
TDRS 8                  
1 26388U 00034A   19291.86923272 -.00000227  00000-0  00000+0 0  9996
2 26388   8.8543  49.2272 0011504 295.1246  84.8545  1.00277201 70778
INTELSAT 9 (IS-9)       
1 26451U 00043A   19292.07729036  .00000114  00000-0  00000+0 0  9997
2 26451   5.2063  67.0396 0003644 143.6009 258.2073  1.00073026 70459
BRASILSAT B4            
1 26469U 00046A   19291.83311706 -.00000167  00000-0  00000-0 0  9993
2 26469   3.4484  80.0159 0002891 127.6680  27.3252  1.00272208 70566
ASTRA 2B                
1 26494U 00054A   19291.90136024  .00000122  00000-0  00000-0 0  9996
2 26494   3.9884  75.1788 0005077 128.5798 167.4386  1.00270277 22481
AMC-7 (GE-7)            
1 26495U 00054B   19292.16079797  .00000090  00000-0  00000+0 0  9992
2 26495   0.7514  94.6659 0002986 117.9135  97.6777  1.00272973 69858
NSS-11 (AAP-1)          
1 26554U 00059A   19292.10171641  .00000027  00000-0  00000+0 0  9998
2 26554   0.0593  81.0153 0002896 149.6053   9.3160  1.00272011 69774
USA 153                 
1 26575U 00065A   19291.73471492 -.00000317  00000-0  00000-0 0  9997
2 26575   7.5023  51.2109 0001689 162.8017 211.9427  1.00272191  8536
AMC-6 (GE-6)            
1 26580U 00067A   19291.90665694 -.00000214  00000-0  00000-0 0  9999
2 26580   0.0469  69.2782 0002587 137.0502  64.2055  1.00272387 69575
INTELSAT 12 (IS-12)     
1 26590U 00068A   19291.86426027  .00000016  00000-0  00000-0 0  9990
2 26590   2.3684  88.2282 0004318 141.7847 172.4442  1.00271012 27316
INTELSAT 1R (IS-1R)     
1 26608U 00072A   19291.91646762 -.00000134  00000-0  00000-0 0  9993
2 26608   2.1418  88.1050 0001028 152.0835 273.9815  1.00271854 16928
ANIK F1                 
1 26624U 00076A   19291.86160704 -.00000072  00000-0  00000-0 0  9997
2 26624   0.0385 118.8723 0002486  70.6874  40.3944  1.00270619 18740
ASTRA 2D                
1 26638U 00081A   19291.63709792  .00000034  00000-0  00000-0 0  9996
2 26638   5.3066  65.9477 0001613 143.2571  52.1452  1.00271184 28507
AMC-8 (GE-8)            
1 26639U 00081B   19292.15375017  .00000106  00000-0  00000+0 0  9993
2 26639   0.0911  92.4990 0002569 134.9432  76.2561  1.00272001 68879
SKYNET 4F               
1 26695U 01005B   19272.24587089 -.00000266  00000-0  00000+0 0  9992
2 26695   9.7424  31.2162 0002824 162.1717 228.8179  1.00267793 68288
USA 157 (MILSTAR-2 2)   
1 26715U 01009A   19292.17203353 -.00000360  00000-0  00000+0 0  9997
2 26715   9.1101  31.6651 0001509 154.7057  13.9394  1.00276524  7240
EUTELSAT 33C            
1 26719U 01011A   19291.68141378  .00000081  00000-0  00000+0 0  9996
2 26719   1.4004  90.1577 0005126 113.0117 296.2006  1.00270568 68179
INTELSAT 10 (IS-10)     
1 26766U 01019A   19291.86094530  .00000128  00000-0  00000-0 0  9996
2 26766   3.3444  80.5172 0001683 171.8799 132.1215  1.00273979 21231
INTELSAT 901 (IS-901)   
1 26824U 01024A   19291.84559181 -.00000211  00000-0  00000-0 0  9997
2 26824   1.3346  92.2125 0001284  86.7621 123.0079  1.00270728 67289
ASTRA 2C                
1 26853U 01025A   19291.84840986  .00000140  00000-0  00000-0 0  9996
2 26853   2.2655  87.2177 0003137 114.1453 154.8102  1.00271643 20659
USA 159 (DSP 21)        
1 26880U 01033A   19291.69798861 -.00000289  00000-0  00000-0 0  9997
2 26880  10.5408  31.9714 0000471  79.0448 117.9721  1.00278477  8566
INTELSAT 902 (IS-902)   
1 26900U 01039A   19291.83729818  .00000035  00000-0  00000-0 0  9996
2 26900   0.0603 100.1799 0000890 162.3708 127.9222  1.00271280 66311
EUTELSAT 12 WEST B      
1 26927U 01042A   19291.84899399 -.00000097  00000-0  00000-0 0  9991
2 26927   0.5037  94.1784 0005074 106.0951 119.9424  1.00271898 66114
DIRECTV 4S              
1 26985U 01052A   19291.83878740 -.00000278  00000-0  00000-0 0  9993
2 26985   0.1349  91.3443 0005479 304.9257 229.5200  1.00739928 26915
USA 164 (MILSTAR-2 3)   
1 27168U 02001A   19291.89848869  .00000108  00000-0  00000-0 0  9998
2 27168   8.5270  32.9102 0002699 175.8519 160.7669  1.00274781  8550
ECHOSTAR 7              
1 27378U 02006A   19291.86716132  .00000002  00000-0  00000-0 0  9993
2 27378   0.0567  85.7649 0001796  85.7224  48.9908  1.00270527 26210
INTELSAT 904 (IS-904)   
1 27380U 02007A   19291.84559181 -.00000211  00000-0  00000-0 0  9997
2 27380   0.8854  95.6708 0002902 151.6650  54.6404  1.00270802 27360
TDRS 9                  
1 27389U 02011A   19291.92210396 -.00000280  00000-0  00000-0 0  9998
2 27389   6.9889  69.6745 0020083 255.0088 332.2144  1.00270692 66041
JCSAT 2A                
1 27399U 02015A   19291.95036213 -.00000304  00000-0  00000+0 0  9996
2 27399   2.3441  87.0583 0007164 158.5272 259.7350  1.00270162 64229
ASTRA 3A                
1 27400U 02015B   19291.84201512 -.00000277  00000-0  00000-0 0  9993
2 27400   5.4419  64.6846 0003125 147.9479  70.5623  1.00271613 64323
INTELSAT 903 (IS-903)   
1 27403U 02016A   19291.84515561 -.00000221  00000-0  00000-0 0  9998
2 27403   1.7182  90.6096 0001733  79.1786 130.0443  1.00271301 21271
NSS-7                   
1 27414U 02019A   19291.84742375 -.00000153  00000-0  00000-0 0  9992
2 27414   3.6990  78.2431 0002420 134.9867  98.9027  1.00271470 64162
DIRECTV 5 (TEMPO 1)     
1 27426U 02023A   19291.86160704 -.00000053  00000-0  00000-0 0  9991
2 27426   0.0155 237.5929 0003394 339.0746  10.4693  1.00270908 63933
INTELSAT 905 (IS-905)   
1 27438U 02027A   19291.63116588 -.00000181  00000-0  00000+0 0  9995
2 27438   0.7050  96.7860 0002802  97.3430  35.4428  1.00270891 63566
EXPRESS-A4              
1 27441U 02029A   19292.23990887 -.00000242  00000-0  00000+0 0  9998
2 27441   7.4529  51.4902 0017121  92.1203 115.7248  1.00272146 63579
GALAXY 3C (G-3C)        
1 27445U 02030A   19292.11959977 -.00000149  00000-0  00000+0 0  9992
2 27445   0.0241 283.1159 0001527  47.2284   4.9997  1.00270359 63556
EUTELSAT 5 WEST A       
1 27460U 02035A   19291.85047700 -.00000039  00000-0  00000-0 0  9995
2 27460   0.0537  88.3533 0005374 116.2621 123.6389  1.00272632 63211
N-STAR C                
1 27461U 02035B   19291.80677181 -.00000307  00000-0  00000-0 0  9991
2 27461   6.1945  60.2076 0001908  41.4724 351.7993  1.00270380 63331
METEOSAT-8 (MSG-1)      
1 27509U 02040B   19292.09074521  .00000143  00000-0  00000+0 0  9997
2 27509   6.2995  55.0757 0000589 196.6617 209.5568  1.00273011 62854
INTELSAT 906 (IS-906)   
1 27513U 02041A   19291.83729818  .00000017  00000-0  00000+0 0  9990
2 27513   0.0159 179.3817 0002148  30.1737 183.0487  1.00271652 62572
HISPASAT 30W-4          
1 27528U 02044A   19291.84541733 -.00000214  00000-0  00000-0 0  9999
2 27528   0.5018  95.2205 0006678 130.7915  75.2159  1.00271932 18571
TDRS 10                 
1 27566U 02055A   19291.68685003  .00000097  00000-0  00000+0 0  9991
2 27566   6.4871  54.6906 0003847 263.3532 144.9172  1.00271644 61820
NSS-6                   
1 27603U 02057A   19291.90595905 -.00000195  00000-0  00000-0 0  9992
2 27603   0.0675 276.4387 0006389 297.1303  52.9202  1.00272439 61696
NIMIQ 2                 
1 27632U 02062A   19291.88057340 -.00000232  00000-0  00000-0 0  9995
2 27632   3.8057  77.4881 0008054  12.4678  40.1609  1.00275648 19794
INTELSAT 907 (IS-907)   
1 27683U 03007A   19291.84594073 -.00000200  00000-0  00000-0 0  9991
2 27683   0.0127 261.3611 0002758 320.6709  82.0724  1.00271520 61038
USA 167                 
1 27691U 03008A   19292.14408073  .00000062  00000-0  00000+0 0  9993
2 27691   6.1925  60.1215 0001499 320.3503 288.4401  1.00274689  7229
USA 169 (MILSTAR-2 4)   
1 27711U 03012A   19291.62544872 -.00000001  00000-0  00000-0 0  9996
2 27711   8.7036  46.4545 0003048 154.2918 291.2561  1.00274238  8558
GALAXY 12 (G-12)        
1 27715U 03013B   19291.68211167  .00000061  00000-0  00000+0 0  9999
2 27715   0.9217  94.5584 0002522 130.3666 278.5356  1.00271669 60604
ASIASAT 4               
1 27718U 03014A   19291.84285847  .00000156  00000-0  00000+0 0  9992
2 27718   0.0177 239.5428 0001691 325.5647 163.6036  1.00268312 60525
HELLAS-SAT 2            
1 27811U 03020A   19292.13602920 -.00000148  00000-0  00000+0 0  9993
2 27811   1.3418  94.7953 0002793 113.3437 132.9870  1.00272864 59934
THURAYA-2               
1 27825U 03026A   19292.03170337  .00000133  00000-0  00000+0 0  9998
2 27825   5.6820  32.1659 0004573 167.8717 242.6017  1.00272272 59941
OPTUS C1                
1 27831U 03028B   19291.88249260 -.00000147  00000-0  00000-0 0  9998
2 27831   0.8450  97.3736 0005398 112.6080 290.5417  1.00271393 28664
ECHOSTAR 12 (RAINBOW 1) 
1 27852U 03033A   19291.90604628 -.00000197  00000-0  00000-0 0  9998
2 27852   0.0408  83.7474 0001647  93.1955  89.9634  1.00272864 59554
GALAXY 23 (G-23)        
1 27854U 03034A   19291.89906743  .00000015  00000-0  00000-0 0  9990
2 27854   0.0146 229.8640 0002981 341.4674  18.4484  1.00272320 59346
USA 170                 
1 27875U 03040A   19292.13015531 -.00000267  00000-0  00000+0 0  9993
2 27875   5.4025  65.6425 0002580 132.1291 193.8239  1.00279186  7229
GALAXY 13 (HORIZONS 1)  
1 27954U 03044A   19291.86716132  .00000051  00000-0  00000-0 0  9990
2 27954   0.0322 117.2800 0001894  52.6366  42.3207  1.00269272 22185
YAMAL 202               
1 28089U 03053A   19291.88471351 -.00000243  00000-0  00000-0 0  9997
2 28089   0.2760  96.7572 0004654  88.9280 297.9146  1.00552703 58288
UFO 11 (USA 174)        
1 28117U 03057A   19291.86644118 -.00000096  00000-0  00000-0 0  9990
2 28117   5.8285  37.0435 0003002 251.5187 125.7438  1.00272201 58058
USA 176 (DSP 22)        
1 28158U 04004A   19291.85465951 -.00000211  00000-0  00000-0 0  9992
2 28158   8.8559  40.5791 0000525 257.4266 124.0622  1.00269381  8534
ABS-4 (MOBISAT-1)       
1 28184U 04007A   19291.83729818  .00000043  00000-0  00000-0 0  9999
2 28184   0.0266 265.2070 0002004 331.1323 153.1038  1.00271424 27936
EUTELSAT 7A             
1 28187U 04008A   19291.85283236  .00000050  00000-0  00000-0 0  9992
2 28187   0.0689  26.1899 0005947 176.5902 138.3008  1.00272629 56958
DIRECTV 7S              
1 28238U 04016A   19291.86716132  .00000004  00000-0  00000-0 0  9994
2 28238   0.0114 195.5053 0003121  20.3417   4.3555  1.00271072 56668
AMC-11 (GE-11)          
1 28252U 04017A   19292.16806038  .00000071  00000-0  00000+0 0  9993
2 28252   0.0479  65.7175 0002807 145.4706 105.6973  1.00270767 56301
INTELSAT 10-02          
1 28358U 04022A   19291.85126212 -.00000008  00000-0  00000-0 0  9992
2 28358   0.0093 227.0439 0002611 340.3122 125.1809  1.00272123 56254
ANIK F2                 
1 28378U 04027A   19291.86160704 -.00000048  00000-0  00000-0 0  9998
2 28378   0.0461  66.2911 0000417 191.6881 328.2116  1.00272462 16893
AMC-15                  
1 28446U 04041A   19291.61511447 -.00000086  00000-0  00000+0 0  9998
2 28446   0.0512  65.4139 0002916 155.8334 281.9786  1.00272766 54965
AMC-16                  
1 28472U 04048A   19291.90630799 -.00000204  00000-0  00000+0 0  9990
2 28472   0.0560  77.8142 0002922 137.8007  52.7857  1.00271387 54413
NSS-10 (AMC-12)         
1 28526U 05003A   19291.84402154 -.00000248  00000-0  00000-0 0  9996
2 28526   0.4536  96.0766 0002829 115.8734  81.5117  1.00270814 28755
XTAR-EUR                
1 28542U 05005A   19291.84431721  .00000154  00000-0  00000+0 0  9992
2 28542   0.0247 113.8575 0002814  97.9282 148.2361  1.00270723 53788
XM-3 (RHYTHM)           
1 28626U 05008A   19291.54102257 -.00000203  00000-0  00000-0 0  9991
2 28626   0.0146  43.6965 0000311 211.5280 241.2187  1.00272199 18234
INMARSAT 4-F1           
1 28628U 05009A   19291.88005000 -.00000257  00000-0  00000-0 0  9998
2 28628   3.0868  24.9025 0003191 190.9566 271.5642  1.00271771 53275
APSTAR 6                
1 28638U 05012A   19292.19838368 -.00000081  00000-0  00000+0 0  9993
2 28638   1.0966  94.2983 0003199 146.1127  21.4175  1.00270614 78017
SPACEWAY 1              
1 28644U 05015A   19292.15369625  .00000106  00000-0  00000+0 0  9991
2 28644   0.5490  95.5957 0000235  96.4904 111.7217  1.00270549 53114
DIRECTV 8               
1 28659U 05019A   19291.83128510 -.00000114  00000-0  00000-0 0  9992
2 28659   0.0177 201.2492 0003034   4.9394  19.3721  1.00271482 52742
GALAXY 28 (G-28)        
1 28702U 05022A   19292.15174573 -.00000183  00000-0  00000+0 0  9996
2 28702   0.0135 252.4317 0000896 319.0767 141.4396  1.00268374 52422
EXPRESS-AM3             
1 28707U 05023A   19292.21507169 -.00000320  00000-0  00000+0 0  9993
2 28707   1.2638  92.5095 0001027  54.3134  61.0376  1.00270143 52442
THAICOM 4               
1 28786U 05028A   19292.05466123 -.00000360  00000-0  00000+0 0  9995
2 28786   0.0135 190.3991 0002474  22.6508 313.4199  1.00271423 51921
GALAXY 14 (G-14)        
1 28790U 05030A   19291.86716132  .00000039  00000-0  00000-0 0  9992
2 28790   0.0598  67.9458 0002573 139.7161   6.5995  1.00271571 51918
ANIK F1R                
1 28868U 05036A   19291.86160704 -.00000072  00000-0  00000-0 0  9990
2 28868   0.0433  61.7548 0000619 134.0616  34.1337  1.00271906 22069
GALAXY 15 (G-15)        
1 28884U 05041A   19291.87271581  .00000081  00000-0  00000-0 0  9990
2 28884   0.0133 238.1088 0001689 326.5368   3.6191  1.00274781 51350
SYRACUSE 3A             
1 28885U 05041B   19291.86085807  .00000131  00000-0  00000-0 0  9990
2 28885   0.0201 269.4957 0003352 281.0502 193.4612  1.00268729 51343
INMARSAT 4-F2           
1 28899U 05044A   19291.79237788  .00000013  00000-0  00000-0 0  9996
2 28899   2.9198  27.8821 0003174 194.4234 153.8664  1.00271627 51114
TELKOM 2                
1 28902U 05046A   19291.88275429 -.00000136  00000-0  00000-0 0  9994
2 28902   0.0258 247.4220 0000936 215.1412  39.2943  1.00271624 51046
SPACEWAY 2              
1 28903U 05046B   19292.16583403 -.00000125  00000-0  00000+0 0  9998
2 28903   0.0375  49.3686 0000351 221.6710  76.9842  1.00271973 51094
INSAT-4A                
1 28911U 05049A   19291.60130861 -.00000162  00000-0  00000-0 0  9996
2 28911   0.1666  99.4330 0013325 158.2153  68.6465  1.00270553 21291
METEOSAT-9 (MSG-2)      
1 28912U 05049B   19291.78033932  .00000022  00000-0  00000-0 0  9991
2 28912   3.9126  70.8753 0001273 134.7200 105.6022  1.00272997 50632
EUTELSAT 174A           
1 28924U 05052A   19291.81436133  .00000012  00000-0  00000+0 0  9990
2 28924   0.0700   9.9721 0006240 199.6960 284.5371  1.00271050 50588
ECHOSTAR 10             
1 28935U 06003A   19291.86160704 -.00000053  00000-0  00000-0 0  9999
2 28935   0.0581  74.3305 0001512 142.0108  10.7067  1.00272169 50082
HIMAWARI-7 (MTSAT-2)    
1 28937U 06004A   19291.92202212 -.00000240  00000-0  00000-0 0  9998
2 28937   0.0556  76.2447 0003644 134.2607 293.5974  1.00272499 50094
SPAINSAT                
1 28945U 06007A   19292.00768699 -.00000214  00000-0  00000+0 0  9996
2 28945   0.0209 224.0614 0005854 349.5509 146.3892  1.00273454 49830
EUTELSAT HOT BIRD 13E   
1 28946U 06007B   19291.88989142  .00000089  00000-0  00000-0 0  9990
2 28946   0.0274 190.6562 0007290  20.4861 149.3243  1.00272508 49905
JCSAT-5A                
1 29045U 06010A   19291.87778185 -.00000326  00000-0  00000-0 0  9992
2 29045   0.0403 111.0306 0002352 115.8843 248.2376  1.00272592 49365
ASTRA 1KR               
1 29055U 06012A   19291.94371716  .00000122  00000-0  00000-0 0  9995
2 29055   0.0413 261.8836 0005433 321.6239 162.5974  1.00273648 21330
GOES 13                 
1 29155U 06018A   19291.74632601  .00000042  00000-0  00000-0 0  9994
2 29155   0.0845  80.2772 0009056 167.9304 232.4266  0.99994308 18978
EUTELSAT 113 WEST A     
1 29162U 06020A   19292.19649997 -.00000036  00000-0  00000+0 0  9994
2 29162   0.0277 276.9249 0002967 282.2082 146.0041  1.00273173 49075
THAICOM 5               
1 29163U 06020B   19292.08243729 -.00000120  00000-0  00000+0 0  9990
2 29163   0.0499 109.9598 0007021 131.8664 253.6487  1.00272102 49132
GALAXY 16 (G-16)        
1 29236U 06023A   19292.16583437 -.00000125  00000-0  00000+0 0  9991
2 29236   0.0334 101.8105 0002757 109.2709 137.0010  1.00271301 48873
EUTELSAT HOT BIRD 13B   
1 29270U 06032A   19291.88989142  .00000089  00000-0  00000-0 0  9999
2 29270   0.0863 332.3505 0003223 264.3299 123.7798  1.00273053 22928
JCSAT-3A                
1 29272U 06033A   19291.87757623 -.00000343  00000-0  00000-0 0  9992
2 29272   0.0114 208.1453 0002110 356.3957 266.4989  1.00272962 23340
SYRACUSE 3B             
1 29273U 06033B   19291.85038976 -.00000041  00000-0  00000-0 0  9999
2 29273   0.0128 189.1998 0004038  16.2058 122.6067  1.00271119 48309
KOREASAT 5 (MUGUNGWHA 5)
1 29349U 06034A   19291.87403071 -.00000356  00000-0  00000-0 0  9997
2 29349   0.0142 238.2931 0002014 308.7728 267.7326  1.00273325 16919
DIRECTV 9S              
1 29494U 06043A   19291.61589958 -.00000111  00000-0  00000+0 0  9997
2 29494   0.0216 237.6030 0003354 341.3333 288.4319  1.00272166 47703
OPTUS D1                
1 29495U 06043B   19291.88336497 -.00000109  00000-0  00000-0 0  9993
2 29495   0.0149 235.0066 0003596 335.9558 294.1214  1.00270308 47722
XM-4 (BLUES)            
1 29520U 06049A   19292.19582464 -.00000022  00000-0  00000+0 0  9993
2 29520   0.0140  49.8506 0000174 136.0856 156.7298  1.00271845 47601
BADR-4                  
1 29526U 06051A   19291.84840986  .00000147  00000-0  00000+0 0  9996
2 29526   0.0623 326.5194 0004059 285.5943 106.3804  1.00269711 47494
WILDBLUE-1              
1 29643U 06054A   19291.62624590 -.00000047  00000-0  00000+0 0  9996
2 29643   0.0441 111.1439 0001987 108.9818 281.0027  1.00271950 47146
AMC-18                  
1 29644U 06054B   19291.88313340  .00000107  00000-0  00000-0 0  9990
2 29644   0.0130 207.6215 0001127 338.5668  19.8058  1.00268948 47183
MEASAT-3                
1 29648U 06056A   19292.08487990 -.00000240  00000-0  00000+0 0  9990
2 29648   0.0530 120.2966 0002949  60.3691 328.6889  1.00273626 47152
INSAT-4B                
1 30793U 07007A   19291.86801142 -.00000164  00000-0  00000-0 0  9990
2 30793   0.1013  96.5414 0008429 159.4416 166.6306  1.00272502 17804
SKYNET 5A               
1 30794U 07007B   19291.84216042 -.00000270  00000-0  00000-0 0  9996
2 30794   0.0696   4.9489 0003601 202.4565 218.0169  1.00274032 46303
ANIK F3                 
1 31102U 07009A   19291.86716132  .00000002  00000-0  00000-0 0  9991
2 31102   0.0151 213.1461 0001777   7.9104 359.4593  1.00270309 22168
ASTRA 1L                
1 31306U 07016A   19291.94659493  .00000122  00000-0  00000-0 0  9993
2 31306   0.0552 300.7062 0004197 313.1212 133.3144  1.00273266 20647
GALAXY 17 (G-17)        
1 31307U 07016B   19291.83329153 -.00000172  00000-0  00000-0 0  9995
2 31307   0.0507  79.7074 0003396 124.3222  32.0084  1.00272439 45553
ZHONGXING-6B            
1 31800U 07031A   19291.88313350 -.00000360  00000-0  00000-0 0  9996
2 31800   0.0159 239.2877 0004756 342.1904 239.0795  1.00271296 45037
DIRECTV 10              
1 31862U 07032A   19292.16446597 -.00000102  00000-0  00000+0 0  9990
2 31862   0.0374  53.9733 0000616 215.3607  74.5119  1.00271723 45002
SPACEWAY 3              
1 32018U 07036A   19291.90430156 -.00000149  00000-0  00000-0 0  9995
2 32018   0.0203  48.3647 0000005 194.1454  15.2084  1.00271896 22172
BSAT-3A                 
1 32019U 07036B   19292.06021556 -.00000348  00000-0  00000+0 0  9994
2 32019   0.0392 171.2046 0004181  52.9852 294.6130  1.00270625 44665
INSAT-4CR               
1 32050U 07037A   19291.86103255  .00000127  00000-0  00000-0 0  9999
2 32050   0.7633  95.2511 0008431 154.2935 135.3687  1.00270847 26986
OPTUS D2                
1 32252U 07044A   19292.03799551 -.00000181  00000-0  00000+0 0  9991
2 32252   0.0128 223.2641 0003761 347.2877 342.3584  1.00270606 44045
INTELSAT 11 (IS-11)     
1 32253U 07044B   19292.12998084 -.00000267  00000-0  00000+0 0  9999
2 32253   0.0009 183.6701 0001462  33.9695 173.5273  1.00270695 44130
WGS F1 (USA 195)        
1 32258U 07046A   19291.88971609  .00000043  00000-0  00000-0 0  9994
2 32258   0.0174 205.1943 0000840  13.8242 134.3375  1.00272538 27979
STAR ONE C1             
1 32293U 07056A   19291.83843845 -.00000274  00000-0  00000-0 0  9996
2 32293   0.0212 116.7105 0002643  92.4244  54.7617  1.00270692 27373
SKYNET 5B               
1 32294U 07056B   19291.84840986  .00000144  00000-0  00000+0 0  9995
2 32294   0.0732 357.0753 0003819 206.7689 153.6995  1.00272184 43799
ASTRA 4A (SIRIUS 4)     
1 32299U 07057A   19292.06778164  .00000034  00000-0  00000+0 0  9992
2 32299   0.0356  58.5364 0003016 150.9999 206.9689  1.00270934 43568
HORIZONS 2              
1 32388U 07063B   19291.86836036 -.00000180  00000-0  00000-0 0  9992
2 32388   0.0127 213.9850 0002567   0.1318 210.3922  1.00270404 43450
THURAYA-3               
1 32404U 08001A   19291.91003716 -.00000299  00000-0  00000-0 0  9992
2 32404   3.7823   5.5810 0004822 197.6681 249.9940  1.00271740 43120
EXPRESS-AM33            
1 32478U 08003A   19292.23876611 -.00000279  00000-0  00000+0 0  9990
2 32478   0.0181 312.8642 0000949 334.6366 282.3943  1.00270242 43214
THOR 5                  
1 32487U 08006A   19292.06664758 -.00000007  00000-0  00000+0 0  9990
2 32487   0.0225 252.1921 0002518 325.7629 192.5695  1.00272211 42781
AMC-14                  
1 32708U 08011A   19291.72545160  .00000094  00000-0  00000+0 0  9994
2 32708  20.5773  50.6874 0035775   4.0480 251.3363  1.00272831 43698
DIRECTV 11              
1 32729U 08013A   19291.56373123 -.00000124  00000-0  00000+0 0  9994
2 32729   0.0207  43.3890 0000203 198.2612 248.9106  1.00272068 42535
ICO G1                  
1 32763U 08016A   19292.12012318 -.00000168  00000-0  00000+0 0  9992
2 32763   3.6221   8.3066 0002047 202.9574 126.4626  1.00271631 42073
VINASAT-1               
1 32767U 08018A   19292.04910394 -.00000326  00000-0  00000+0 0  9996
2 32767   0.0144  50.4455 0001741 179.2134 307.2366  1.00272960 42201
STAR ONE C2             
1 32768U 08018B   19291.83747885 -.00000263  00000-0  00000-0 0  9997
2 32768   0.0459 115.6347 0002858  90.6720  52.2545  1.00271530 42277
TIANLIAN 1-01           
1 32779U 08019A   19291.91743091 -.00000135  00000-0  00000-0 0  9992
2 32779   3.6032  73.3641 0031748 245.3491 118.6909  1.00270303 42027
AMOS-3                  
1 32794U 08022A   19292.13774484 -.00000033  00000-0  00000+0 0  9994
2 32794   0.0106 212.7264 0001723 339.1051 240.9953  1.00271538 42053
GALAXY 18 (G-18)        
1 32951U 08024A   19292.12597192  .00000027  00000-0  00000+0 0  9991
2 32951   0.0140 239.7300 0003038 326.2786 103.6669  1.00271499 41682
CHINASAT 9 (ZX 9)       
1 33051U 08028A   19291.86984338 -.00000246  00000-0  00000-0 0  9994
2 33051   0.0211 265.5573 0004213 310.5221 216.3682  1.00274068 41635
SKYNET 5C               
1 33055U 08030A   19292.13504052 -.00000138  00000-0  00000+0 0  9992
2 33055   0.0631  22.1718 0004956 192.9795 202.9986  1.00271902 41503
TURKSAT 3A              
1 33056U 08030B   19291.86605634  .00000148  00000-0  00000-0 0  9991
2 33056   0.0730  83.2625 0003812 105.7462 191.8432  1.00272399 27958
INTELSAT 25 (IS-25)     
1 33153U 08034A   19291.84515561 -.00000221  00000-0  00000-0 0  9993
2 33153   0.0168 236.2811 0002389 353.8144  69.7213  1.00272646 41332
BADR-6                  
1 33154U 08034B   19291.84840986  .00000147  00000-0  00000+0 0  9991
2 33154   0.0621  45.9532 0001632 142.9227 169.6053  1.00272578 41359
ECHOSTAR 11             
1 33207U 08035A   19291.90133556 -.00000054  00000-0  00000-0 0  9995
2 33207   0.0089 229.2938 0002789 339.1585  33.1561  1.00271346 26842
SUPERBIRD-C2            
1 33274U 08038A   19292.03799551 -.00000249  00000-0  00000+0 0  9995
2 33274   0.0094 232.0928 0001928   0.6099 312.1864  1.00271152 40989
AMC-21                  
1 33275U 08038B   19291.86716132  .00000038  00000-0  00000+0 0  9995
2 33275   0.0130  63.8027 0002948 160.7183 349.8560  1.00273147 41062
INMARSAT 4-F3           
1 33278U 08039A   19292.13575738 -.00000137  00000-0  00000+0 0  9996
2 33278   3.0841  10.7245 0002968 206.4779 121.0464  1.00272583 40864
NIMIQ 4                 
1 33373U 08044A   19292.12221684 -.00000219  00000-0  00000+0 0  9996
2 33373   0.0132 145.5767 0002005  67.4645 136.3001  1.00271538 40444
GALAXY 19 (G-19)        
1 33376U 08045A   19291.83207022 -.00000137  00000-0  00000-0 0  9997
2 33376   0.0175 197.7194 0003222  20.1649  11.7107  1.00271504 40546
VENESAT-1               
1 33414U 08055A   19291.83590861 -.00000235  00000-0  00000-0 0  9996
2 33414   0.0546  72.0795 0003105 180.5980 357.2723  1.00269583 40289
ASTRA 1M                
1 33436U 08057A   19291.94371626  .00000122  00000-0  00000-0 0  9994
2 33436   0.0546 106.4034 0004645  69.6908 209.9839  1.00272887 21335
CIEL-2                  
1 33453U 08063A   19291.86716132  .00000060  00000-0  00000-0 0  9997
2 33453   0.0161 154.3103 0003101  54.6901   1.4161  1.00271288 39751
EUTELSAT HOT BIRD 13C   
1 33459U 08065A   19291.88989142  .00000089  00000-0  00000-0 0  9991
2 33459   0.0500  14.3213 0003598 159.1420 187.0007  1.00273011 22947
EUTELSAT 48D            
1 33460U 08065B   19291.90529265  .00000126  00000-0  00000-0 0  9994
2 33460   0.0677  52.5367 0004313 165.7270 182.8535  1.00274146 39576
FENGYUN 2E              
1 33463U 08066A   19291.86870931 -.00000200  00000-0  00000+0 0  9995
2 33463   3.8414  69.0279 0003864 268.8277  88.6300  1.00276391 39685
EXPRESS-AM44            
1 33595U 09007A   19291.92105086 -.00000086  00000-0  00000-0 0  9999
2 33595   0.0228 307.1835 0000365 325.5935  74.9349  1.00271835 39153
NSS-9                   
1 33749U 09008A   19291.81619330  .00000074  00000-0  00000+0 0  9996
2 33749   0.0107 109.3719 0002213 104.1007 290.4691  1.00271300 39161
EUTELSAT 33E            
1 33750U 09008B   19291.86409529  .00000158  00000-0  00000-0 0  9994
2 33750   0.0583  20.5051 0004151 189.2928 161.4472  1.00270634 39043
TELSTAR 11N             
1 34111U 09009A   19291.84393431 -.00000248  00000-0  00000-0 0  9990
2 34111   0.0188 236.9271 0002548 321.3975  95.0127  1.00270759 21848
EUTELSAT 10A            
1 34710U 09016A   19291.88981519  .00000070  00000-0  00000-0 0  9999
2 34710   0.0681   9.6068 0005077 192.2418 155.5860  1.00270317 16858
WGS F2 (USA 204)        
1 34713U 09017A   19292.07886061  .00000050  00000-0  00000+0 0  9998
2 34713   0.0154 232.0210 0000378  71.5478 172.2912  1.00269277 38548
SES-7 (PROTOSTAR 2)     
1 34941U 09027A   19291.93048538 -.00000343  00000-0  00000-0 0  9992
2 34941   0.0900  94.5278 0001867 145.3954 230.4600  1.00271331 38240
MEASAT-3A               
1 35362U 09032A   19292.08487990 -.00000240  00000-0  00000+0 0  9997
2 35362   0.0285 198.9917 0003450  27.5613 282.8210  1.00270686 37830
GOES 14                 
1 35491U 09033A   19291.61528894 -.00000092  00000-0  00000-0 0  9994
2 35491   0.2805 279.2066 0012892 301.8453 283.0971  1.00272576 37715
SIRIUS FM-5             
1 35493U 09034A   19291.85049432 -.00000198  00000-0  00000-0 0  9996
2 35493   0.0159 275.1044 0000114 134.3555 197.6403  1.00272698 22308
TERRESTAR-1             
1 35496U 09035A   19291.61398039 -.00000053  00000-0  00000+0 0  9993
2 35496   2.4966   8.7664 0002829 204.3314 283.7470  1.00272338 37754
ASIASAT 5               
1 35696U 09042A   19291.88868802 -.00000305  00000-0  00000-0 0  9993
2 35696   0.0144 138.6843 0001463  56.3881 252.4304  1.00268469 37284
JCSAT-RA (JCSAT-12)     
1 35755U 09044A   19292.10049512 -.00000029  00000-0  00000+0 0  9998
2 35755   0.0394 253.0672 0002101 315.0745  24.2513  1.00272065 37265
OPTUS D3                
1 35756U 09044B   19291.88257983 -.00000145  00000-0  00000-0 0  9996
2 35756   0.0501  40.3539 0002650 177.5117 282.9759  1.00271423 37169
PALAPA D                
1 35812U 09046A   19291.61169937 -.00000356  00000-0  00000-0 0  9997
2 35812   0.0412  81.9869 0002048 162.5763 115.4546  1.00271447 37263
NIMIQ 5                 
1 35873U 09050A   19291.83695545 -.00000254  00000-0  00000-0 0  9999
2 35873   0.0584  92.7494 0002910 117.3512  45.5673  1.00270780 36961
AMAZONAS 2              
1 35942U 09054A   19291.76751564 -.00000280  00000-0  00000+0 0  9994
2 35942   0.0458 120.8406 0004799  68.6958  52.7494  1.00275118 36773
COMSATBW-1              
1 35943U 09054B   19291.86399858  .00000026  00000-0  00000-0 0  9998
2 35943   0.0499  77.5469 0002504 137.0129 186.5660  1.00271380 36890
NSS-12                  
1 36032U 09058A   19291.79106933  .00000074  00000-0  00000+0 0  9996
2 36032   0.0178 311.2474 0002894 265.8870 151.6617  1.00270937 36536
THOR 6                  
1 36033U 09058B   19291.88954839 -.00000007  00000-0  00000-0 0  9991
2 36033   0.0307 123.1333 0001858  90.2074 133.1546  1.00272884 36618
INTELSAT 14 (IS-14)     
1 36097U 09064A   19291.84245130 -.00000271  00000-0  00000-0 0  9994
2 36097   0.0121 249.3814 0002677 328.0355  67.9398  1.00272236 36307
EUTELSAT 36B            
1 36101U 09065A   19291.85937698  .00000158  00000-0  00000+0 0  9991
2 36101   0.0702   7.5254 0004670 195.8413 169.0004  1.00269337 36418
INTELSAT 15 (IS-15)     
1 36106U 09067A   19292.08374582 -.00000184  00000-0  00000+0 0  9991
2 36106   0.0123 208.0469 0002451  15.0223 279.5386  1.00271894 36201
WGS F3 (USA 211)        
1 36108U 09068A   19291.84908123 -.00000094  00000-0  00000-0 0  9992
2 36108   0.0166 199.9837 0000600  54.8759  65.9170  1.00271582 22214
DIRECTV 12              
1 36131U 09075A   19291.61555066 -.00000100  00000-0  00000+0 0  9992
2 36131   0.0130 235.5921 0000426  21.5860 248.4255  1.00270220 35980
BEIDOU 3                
1 36287U 10001A   19291.87977459 -.00000280  00000-0  00000-0 0  9997
2 36287   1.3685   6.9932 0004300 163.6575 313.1951  1.00274362 35781
RADUGA-1M 2             
1 36358U 10002A   19292.08374582 -.00000182  00000-0  00000+0 0  9999
2 36358   0.0330 250.1487 0003264   8.3703 243.9402  1.00271481 35619
SDO                     
1 36395U 10005A   19291.54410441 -.00000043  00000-0  00000+0 0  9994
2 36395  29.9181 125.4465 0001638  47.3924 308.0160  1.00274385 35626
INTELSAT 16 (IS-16)     
1 36397U 10006A   19291.83625755 -.00000242  00000-0  00000-0 0  9997
2 36397   0.0148 191.0525 0002243  23.8260  37.0386  1.00271353 35465
GOES 15                 
1 36411U 10008A   19291.87219500  .00000057  00000-0  00000-0 0  9990
2 36411   0.2871 278.2946 0002524 257.5990  37.0275  1.00264607 35270
ECHOSTAR 14             
1 36499U 10010A   19291.86716132  .00000002  00000-0  00000-0 0  9991
2 36499   0.0150 239.7843 0002790 327.3828  13.2061  1.00272208 22173
SES-1                   
1 36516U 10016A   19291.61598684 -.00000112  00000-0  00000-0 0  9993
2 36516   0.0396  69.2504 0002605 146.5366 291.8144  1.00273965 34640
ASTRA 3B                
1 36581U 10021A   19291.84840986  .00000139  00000-0  00000+0 0  9998
2 36581   0.0428 322.5132 0003088 241.8210 151.6465  1.00271150 34253
COMSATBW-2              
1 36582U 10021B   19291.88989142  .00000091  00000-0  00000-0 0  9999
2 36582   0.0529  88.7361 0002203 136.5465 135.3748  1.00273515 34565
BADR-5                  
1 36592U 10025A   19291.84840986  .00000147  00000-0  00000-0 0  9994
2 36592   0.0357 120.7735 0004967  63.8281 173.8783  1.00271881 28815
COMS 1                  
1 36744U 10032A   19291.87757623 -.00000342  00000-0  00000-0 0  9997
2 36744   0.0323 111.2790 0000987 107.1639 252.7303  1.00273433 26694
ARABSAT-5A              
1 36745U 10032B   19291.84840986  .00000156  00000-0  00000+0 0  9991
2 36745   0.0712  45.4762 0002673 118.6906 198.8285  1.00268941 34238
ECHOSTAR 15             
1 36792U 10034A   19291.83913633 -.00000279  00000-0  00000-0 0  9992
2 36792   0.0171 209.1733 0002265 337.0241  81.3059  1.00273763 33931
NILESAT 201             
1 36830U 10037A   19291.85004082 -.00000055  00000-0  00000-0 0  9991
2 36830   0.0461 158.9699 0004131  34.4035 132.7074  1.00272027 33964
RASCOM-QAF 1R           
1 36831U 10037B   19291.88963986  .00000021  00000-0  00000-0 0  9994
2 36831   0.0157 260.0054 0005444 318.7962 131.4606  1.00271718 33897
AEHF-1 (USA 214)        
1 36868U 10039A   19291.85222171  .00000030  00000-0  00000-0 0  9997
2 36868   2.1705 102.3992 0002380  87.9863 147.4522  1.00271514 29252
CHINASAT 6A (ZX 6A)     
1 37150U 10042A   19291.88253843 -.00000351  00000-0  00000-0 0  9996
2 37150   0.0690 112.9855 0001928   9.0264 347.9039  1.00275154 33506
QZS-1 (MICHIBIKI-1)     
1 37158U 10045A   19291.92202212 -.00000100  00000-0  00000-0 0  9998
2 37158  41.4184 147.0390 0747430 270.3112  80.2515  1.00283864 33349
XM-5                    
1 37185U 10053A   19291.90622076 -.00000203  00000-0  00000+0 0  9992
2 37185   0.0259 275.2099 0001792 139.1773 213.7652  1.00272155 33045
BSAT-3B                 
1 37207U 10056B   19292.05466123 -.00000349  00000-0  00000+0 0  9997
2 37207   0.0406  40.4576 0003007 231.8951 244.4508  1.00273728 32873
BEIDOU 6                
1 37210U 10057A   19292.23794286 -.00000110  00000-0  00000+0 0  9992
2 37210   0.7611  40.0845 0005829 151.0401  81.9248  1.00272122 32887
SKYTERRA 1              
1 37218U 10061A   19291.83128510 -.00000116  00000-0  00000-0 0  9998
2 37218   2.2994 349.9956 0003643 185.3743  49.6334  1.00272008 32803
ZHONGXING-20A           
1 37234U 10064A   19291.87757623 -.00000348  00000-0  00000-0 0  9993
2 37234   0.2891 102.0896 0003916 151.3751 215.9779  1.00272855 32587
HYLAS 1                 
1 37237U 10065A   19291.83774056 -.00000212  00000-0  00000-0 0  9992
2 37237   0.0291 298.3553 0010997 147.4886 174.1363  0.99709536 32586
INTELSAT 17 (IS-17)     
1 37238U 10065B   19292.07999469  .00000000  00000-0  00000+0 0  9990
2 37238   0.0133 214.9208 0002448 345.3976 281.7547  1.00270495 32527
EUTELSAT KA-SAT 9A      
1 37258U 10069A   19291.88979231  .00000064  00000-0  00000-0 0  9990
2 37258   0.0477  80.0338 0003203 298.4841 337.9104  1.00272500 19623
HISPASAT 30W-5          
1 37264U 10070A   19291.84550455 -.00000214  00000-0  00000-0 0  9996
2 37264   0.0587 103.3912 0005110  93.7535 104.3086  1.00271025 28787
KOREASAT 6              
1 37265U 10070B   19292.01814444 -.00000360  00000-0  00000+0 0  9999
2 37265   0.0373  67.3781 0001881 176.8418 265.5511  1.00272735 32280
BEIDOU 8                
1 37384U 11013A   19291.68247243 -.00000169  00000-0  10000-3 0  9990
2 37384  58.9405  64.0804 0045451 201.4486 127.1481  1.00274298 31274
INTELSAT NEW DAWN       
1 37392U 11016A   19291.86122052  .00000158  00000-0  00000+0 0  9994
2 37392   0.0191 173.7978 0000664  71.0150 125.1231  1.00272631 31112
YAHSAT 1A               
1 37393U 11016B   19291.86190490  .00000102  00000-0  00000-0 0  9996
2 37393   0.0179 244.6463 0002459 341.9922 163.2252  1.00273701 18004
SBIRS GEO-1 (USA 230)   
1 37481U 11019A   19291.90890637 -.00000008  00000-0  00000-0 0  9998
2 37481   2.3500 334.8800 0002245 222.5045 223.1363  1.00272205 31030
TELSTAR 14R             
1 37602U 11021A   19291.83887463 -.00000277  00000-0  00000-0 0  9999
2 37602   0.0198 316.7521 0001531  27.1902 282.1097  1.00270749 31423
GSAT-8                  
1 37605U 11022A   19291.85078625  .00000086  00000-0  00000+0 0  9993
2 37605   0.0165 231.0274 0007431  18.7575 138.6713  1.00272383 30842
ST-2                    
1 37606U 11022B   19292.08435647 -.00000210  00000-0  00000+0 0  9991
2 37606   0.0177 189.6333 0002253  48.1157 267.9350  1.00271475 30855
CHINASAT 10 (ZX 10)     
1 37677U 11026A   19291.94530244 -.00000351  00000-0  00000-0 0  9993
2 37677   0.0714 269.4389 0004753 285.7688 282.8067  1.00273117 30567
TIANLIAN 1-02           
1 37737U 11032A   19291.81463222 -.00000013  00000-0  00000+0 0  9998
2 37737   2.7663  73.1246 0015896 115.1874 302.9041  1.00273640 30322
GSAT-12                 
1 37746U 11034A   19292.08339688 -.00000164  00000-0  00000+0 0  9995
2 37746   0.0732  99.3862 0004262 350.0006  50.9371  1.00272467 30553
SES-3                   
1 37748U 11035A   19291.61555066 -.00000100  00000-0  00000+0 0  9996
2 37748   0.0381  55.2512 0002163 166.4954 283.7028  1.00272437 30290
KAZSAT-2                
1 37749U 11035B   19291.86870931 -.00000197  00000-0  00000-0 0  9992
2 37749   0.0345 288.5284 0000463 358.3905 139.4157  1.00273074 28988
BEIDOU 9                
1 37763U 11038A   19291.93748943 -.00000062  00000-0  10000-3 0  9991
2 37763  54.4296 187.6776 0064079 224.9658  45.7609  1.00261745 30248
ASTRA 1N                
1 37775U 11041A   19291.94371716  .00000122  00000-0  00000-0 0  9991
2 37775   0.0583  50.6485 0000783  96.0108 239.4401  1.00273158 20122
BSAT-3C (JCSAT-110R)    
1 37776U 11041B   19292.06021556 -.00000349  00000-0  00000+0 0  9991
2 37776   0.0587  83.0973 0000047  19.4930  56.3274  1.00271698 30126
PAKSAT-1R               
1 37779U 11042A   19291.84285847  .00000156  00000-0  00000-0 0  9991
2 37779   0.0309 298.7445 0003254 261.6037 168.1409  1.00273252 30076
CHINASAT 1A (ZX 1A)     
1 37804U 11047A   19291.89549044 -.00000335  00000-0  00000+0 0  9991
2 37804   0.0551  70.3770 0000582 256.3903 152.5902  1.00273429 29678
COSMOS 2473             
1 37806U 11048A   19292.20770803 -.00000106  00000-0  00000+0 0  9995
2 37806   0.0738 100.5682 0003113 128.1040 220.0407  1.00272596 29671
SES-2                   
1 37809U 11049A   19291.90587182 -.00000194  00000-0  00000-0 0  9999
2 37809   0.0311  74.7123 0002630 138.2777  53.2476  1.00271889 29615
ARABSAT-5C              
1 37810U 11049B   19291.94368219  .00000125  00000-0  00000-0 0  9996
2 37810   0.0682 349.6311 0003786 202.0951 195.1233  1.00271016 29651
EUTELSAT 7 WEST A       
1 37816U 11051A   19292.13713419 -.00000058  00000-0  00000+0 0  9998
2 37816   0.0707  39.9793 0007303 157.9816 231.4610  1.00272005 29578
QUETZSAT 1              
1 37826U 11054A   19292.12326368 -.00000240  00000-0  00000+0 0  9997
2 37826   0.0089 294.8631 0002763 278.8725 140.9826  1.00272674 29702
INTELSAT 18 (IS-18)     
1 37834U 11056A   19292.13710049  .00000054  00000-0  00000+0 0  9994
2 37834   0.0161 215.6615 0002186 357.0324  43.9801  1.00272026 29457
EUTELSAT 16A            
1 37836U 11057A   19291.88996003  .00000106  00000-0  00000-0 0  9993
2 37836   0.0681  14.8471 0004541 189.6144 159.0167  1.00272630 21593
VIASAT-1                
1 37843U 11059A   19291.86160704 -.00000022  00000-0  00000-0 0  9990
2 37843   0.0195 236.2793 0002502 334.2620  11.6210  1.00272145 22921
ASIASAT 7               
1 37933U 11069A   19291.92658358 -.00000332  00000-0  00000-0 0  9999
2 37933   0.0162 228.0198 0001353 302.8711 295.3403  1.00271643 20462
BEIDOU 10               
1 37948U 11073A   19291.89472683 -.00000132  00000-0  10000-3 0  9993
2 37948  51.9608 300.7736 0064657 212.7287 290.9613  1.00268308 29004
LUCH 5A                 
1 37951U 11074B   19291.91091078 -.00000041  00000-0  00000-0 0  9991
2 37951   2.7286 123.3387 0002897  69.8197 328.9382  1.00269718 28790
NIGCOMSAT 1R            
1 38014U 11077A   19291.86933045  .00000146  00000-0  00000-0 0  9993
2 38014   0.0495  53.6910 0001965  13.5190 315.3278  1.00273575 28559
FENGYUN 2F              
1 38049U 12002A   19289.50480497 -.00000353  00000-0  00000+0 0  9996
2 38049   1.5045  83.1639 0001192 305.2229 289.9730  1.00282082 28468
WGS F4 (USA 233)        
1 38070U 12003A   19292.08444372 -.00000213  00000-0  00000+0 0  9995
2 38070   0.0183 229.4337 0000402  31.6785 244.9952  1.00270784 28327
SES-4                   
1 38087U 12007A   19291.84707480 -.00000166  00000-0  00000-0 0  9990
2 38087   0.0182 293.7484 0002306 294.9917  81.2618  1.00271977 27850
BEIDOU 11               
1 38091U 12008A   19291.93488160  .00000059  00000-0  00000-0 0  9997
2 38091   1.6505  67.1429 0005224 270.2832  85.0889  1.00267668 28077
MUOS-1                  
1 38093U 12009A   19291.89979944  .00000067  00000-0  00000-0 0  9999
2 38093   2.5895 359.2057 0059023 181.8830 352.9408  1.00274520 28016
INTELSAT 22 (IS-22)     
1 38098U 12011A   19292.08121598 -.00000057  00000-0  00000+0 0  9992
2 38098   0.0096 227.5454 0002908 335.8039 285.2734  1.00272627 27652
APSTAR 7                
1 38107U 12013A   19292.01029319 -.00000099  00000-0  00000+0 0  9992
2 38107   0.0034 143.3550 0002821  77.6338 246.4286  1.00268500 27773
YAHSAT 1B               
1 38245U 12016A   19292.07633076  .00000128  00000-0  00000+0 0  9997
2 38245   0.0119 254.5389 0001821 338.2068 229.6355  1.00270604 27521
AEHF-2 (USA 235)        
1 38254U 12019A   19291.83800227 -.00000272  00000-0  00000-0 0  9999
2 38254   1.7016  35.9652 0003389 146.6543  78.5478  1.00275188 26459
JCSAT-13                
1 38331U 12023A   19292.04910394 -.00000354  00000-0  00000+0 0  9991
2 38331   0.0114 209.9913 0002379   8.6480 310.3112  1.00272787 27178
VINASAT-2               
1 38332U 12023B   19291.87769462 -.00000327  00000-0  00000-0 0  9991
2 38332   0.0114 242.3947 0001897 334.8712 257.6036  1.00267019 22279
NIMIQ 6                 
1 38342U 12026A   19292.12891853 -.00000172  00000-0  00000+0 0  9991
2 38342   0.0611  86.7676 0002715 115.7852 140.1081  1.00271862 27207
CHINASAT 2A (ZX 2A)     
1 38352U 12028A   19291.88868802 -.00000291  00000-0  00000-0 0  9997
2 38352   0.0445  51.9441 0003120 278.2752 115.0709  1.00270369 26974
INTELSAT 19 (IS-19)     
1 38356U 12030A   19291.91091078 -.00000054  00000-0  00000-0 0  9998
2 38356   0.0162 188.1803 0003018  26.2581 306.6233  1.00271973 26068
ECHOSTAR 17             
1 38551U 12035A   19291.86143344 -.00000073  00000-0  00000-0 0  9999
2 38551   0.0183 207.8683 0002072 358.7774  23.4544  1.00271281 26677
METEOSAT-10 (MSG-3)     
1 38552U 12035B   19291.88979994  .00000063  00000-0  00000-0 0  9998
2 38552   1.0844 347.3303 0002104 237.4965 131.9659  1.00272245 26496
SES-5                   
1 38652U 12036A   19291.88969322  .00000036  00000-0  00000-0 0  9994
2 38652   0.0565  96.7350 0002085 109.3265 146.3130  1.00270796 20106
TIANLIAN 1-03           
1 38730U 12040A   19291.86646898  .00000129  00000-0  00000+0 0  9996
2 38730   0.0392 224.7514 0002915  55.2265  79.5158  1.00278277 26584
INTELSAT 20 (IS-20)     
1 38740U 12043A   19291.86513263 -.00000022  00000-0  00000+0 0  9992
2 38740   0.0125 178.2265 0003157   4.8983 223.8959  1.00270938 26434
HYLAS 2                 
1 38741U 12043B   19292.07301580  .00000156  00000-0  00000+0 0  9991
2 38741   0.0141 198.0991 0001782   2.5469 243.9497  1.00269431 26453
INTELSAT 21 (IS-21)     
1 38749U 12045A   19291.83992146 -.00000282  00000-0  00000-0 0  9990
2 38749   0.0107 254.2507 0002257 318.0030  59.1730  1.00273173 26149
ASTRA 2F                
1 38778U 12051A   19291.85710692  .00000152  00000-0  00000-0 0  9990
2 38778   0.0565 225.6236 0004538 355.3676 142.8325  1.00271463 16761
GSAT-10                 
1 38779U 12051B   19291.83466572 -.00000163  00000-0  00000+0 0  9996
2 38779   0.0372 124.9091 0000960  66.7377 218.9056  1.00271382 25894
INTELSAT 23 (IS-23)     
1 38867U 12057A   19292.13943225 -.00000283  00000-0  00000+0 0  9992
2 38867   0.0195 268.4605 0002090 315.6084 160.4975  1.00271381 25718
BEIDOU 16               
1 38953U 12059A   19292.08357135 -.00000173  00000-0  00000+0 0  9991
2 38953   1.3713  83.1052 0005117 191.6883 226.5500  1.00275060 25653
LUCH 5B                 
1 38977U 12061A   19291.09928711 -.00000113  00000-0  00000+0 0  9998
2 38977   5.2488  69.1313 0000242 143.2790 195.3017  1.00273210 25762
YAMAL 300K              
1 38978U 12061B   19291.81610605  .00000074  00000-0  00000+0 0  9994
2 38978   0.0180 222.8419 0000368  99.6304 181.2951  1.00272546 25474
STAR ONE C3             
1 38991U 12062A   19291.83651927 -.00000247  00000-0  00000-0 0  9998
2 38991   0.0836  93.5421 0002291 129.2926  30.3752  1.00270255 25366
EUTELSAT 21B            
1 38992U 12062B   19291.85571115  .00000132  00000-0  00000-0 0  9993
2 38992   0.0685  15.5935 0002303 183.3594 157.7442  1.00272604 25448
ECHOSTAR 16             
1 39008U 12065A   19291.83922358 -.00000279  00000-0  00000-0 0  9995
2 39008   0.0180 197.9976 0002062   7.4541  62.2221  1.00271576 25236
CHINASAT 12 (ZX 12)     
1 39017U 12067A   19292.08426924 -.00000205  00000-0  00000+0 0  9991
2 39017   0.0142 186.3634 0003209  23.9172 294.8651  1.00271599 25318
EUTELSAT 70B            
1 39020U 12069A   19291.86548157 -.00000042  00000-0  00000-0 0  9995
2 39020   0.0835  47.9192 0005197 153.1751 208.0472  1.00271449 25108
YAMAL 402               
1 39022U 12070A   19291.84930122  .00000088  00000-0  00000+0 0  9992
2 39022   0.0162 257.1937 0003010 325.9109 164.6179  1.00270642 25209
SKYNET 5D               
1 39034U 12075A   19291.86199215  .00000101  00000-0  00000-0 0  9999
2 39034   0.0779   1.3962 0004340 209.0696 179.6664  1.00272086 24762
MEXSAT 3                
1 39035U 12075B   19291.90037595 -.00000024  00000-0  00000-0 0  9992
2 39035   0.0195 191.9133 0002585   9.9688  34.5733  1.00272469 24781
TDRS 11                 
1 39070U 13004A   19291.75266255  .00000079  00000-0  00000+0 0  9992
2 39070   4.1909 330.3524 0000765  53.6558  99.5374  1.00276719 24583
AMAZONAS 3              
1 39078U 13006A   19291.83931081 -.00000280  00000-0  00000-0 0  9993
2 39078   0.0235 190.1269 0005221  26.3530  51.7399  1.00271726 20480
AZERSPACE 1             
1 39079U 13006B   19291.86059637  .00000135  00000-0  00000-0 0  9993
2 39079   0.0344  92.7193 0002070 142.9897 147.1674  1.00272615 24405
SBIRS GEO-2 (USA 241)   
1 39120U 13011A   19291.85553668  .00000122  00000-0  00000-0 0  9994
2 39120   2.4193 335.0924 0002967 243.2758 137.2884  1.00272902 24166
EUTELSAT 117 WEST A     
1 39122U 13012A   19291.86160704 -.00000011  00000-0  00000-0 0  9991
2 39122   0.0544  82.6183 0003024 129.9776   7.8779  1.00273139 24044
ANIK G1                 
1 39127U 13014A   19291.86160704 -.00000072  00000-0  00000-0 0  9995
2 39127   0.0197 266.8731 0002559 328.6814 354.4042  1.00271664 23854
CHINASAT 11 (ZX 11)     
1 39157U 13020A   19291.79771356 -.00000289  00000-0  00000+0 0  9997
2 39157   0.0204 142.5554 0001888 146.0508 123.5880  1.00269766 23759
EUTELSAT 7B             
1 39163U 13022A   19291.78103720  .00000051  00000-0  00000+0 0  9995
2 39163   0.0631  47.2759 0001940 271.1827 356.7110  1.00272691 23567
WGS F5 (USA 243)        
1 39168U 13024A   19291.84096829 -.00000282  00000-0  00000-0 0  9998
2 39168   0.0181 232.3475 0000434  18.7147  26.2608  1.00271346 22781
SES-6                   
1 39172U 13026A   19291.84341089 -.00000259  00000-0  00000-0 0  9990
2 39172   0.0274 309.0473 0002173 266.3147  74.8321  1.00271799 23326
IRNSS-1A                
1 39199U 13034A   19291.04910684  .00000114  00000-0  00000-0 0  9992
2 39199  30.3638 100.7037 0020596 178.6459 179.8579  1.00278633 22950
MUOS-2                  
1 39206U 13036A   19292.16557356 -.00000127  00000-0  00000+0 0  9994
2 39206   2.7825 349.5087 0051864 356.5795   0.9275  1.00271508 22917
ALPHASAT                
1 39215U 13038A   19291.84840986  .00000139  00000-0  00000-0 0  9997
2 39215   2.3168  22.3664 0002107 190.7401 144.2243  1.00271466 19644
INSAT-3D                
1 39216U 13038B   19291.91422024 -.00000155  00000-0  00000-0 0  9994
2 39216   0.0457 105.6230 0001331 116.7648 215.9517  1.00272272 22701
WGS F6 (USA 244)        
1 39222U 13041A   19291.68089036  .00000091  00000-0  00000+0 0  9998
2 39222   0.0182 244.5884 0000462  24.3126 227.9233  1.00271244 22661
EUTELSAT 25B            
1 39233U 13044A   19291.85649628  .00000145  00000-0  00000-0 0  9992
2 39233   0.0538  25.4615 0001842 185.2940 150.1462  1.00269719 22238
GSAT-7                  
1 39234U 13044B   19292.08156493 -.00000076  00000-0  00000+0 0  9995
2 39234   0.0724 101.3624 0007604 163.0508 226.2456  1.00272265 22504
AMOS-4                  
1 39237U 13045A   19291.90737618  .00000009  00000-0  00000-0 0  9999
2 39237   0.0181 237.0991 0001659 303.9748 237.6831  1.00272103 22552
AEHF-3 (USA 246)        
1 39256U 13050A   19292.03799551 -.00000181  00000-0  00000+0 0  9996
2 39256   0.9258 322.2147 0001459   1.7671 229.1079  1.00274134 22289
ASTRA 2E                
1 39285U 13056A   19291.84840986  .00000153  00000-0  00000+0 0  9999
2 39285   0.0602   2.9289 0002702 194.2648 163.8109  1.00274906 22193
SIRIUS FM-6             
1 39360U 13058A   19291.86160704 -.00000015  00000-0  00000-0 0  9999
2 39360   0.0159 264.2668 0000368 272.9181  43.9278  1.00271001 21760
RADUGA-1M 3             
1 39375U 13062A   19291.98467074  .00000158  00000-0  10000-3 0  9994
2 39375   0.0515  73.8673 0001130 233.1935 109.6407  1.00274275 21733
SES-8                   
1 39460U 13071A   19291.87036679 -.00000268  00000-0  00000-0 0  9999
2 39460   0.0097 214.2237 0001750 311.3121 269.8846  1.00271588 20104
INMARSAT 5-F1           
1 39476U 13073A   19291.86391133  .00000030  00000-0  00000-0 0  9992
2 39476   0.0195 235.1813 0000636  52.5434 112.9837  1.00270883 21189
TKSAT-1 (TUPAC KATARI)  
1 39481U 13075A   19291.90587182 -.00000193  00000-0  00000-0 0  9997
2 39481   0.0498  53.9134 0002481 142.1885  69.9365  1.00273605 21192
EXPRESS-AM5             
1 39487U 13077A   19291.92202212 -.00000278  00000-0  00000-0 0  9999
2 39487   0.0230 304.1248 0001096 353.6722 201.3136  1.00272030 21963
GSAT-14                 
1 39498U 14001A   19291.85466213 -.00000075  00000-0  00000+0 0  9998
2 39498   0.0497 112.8136 0003843 124.7599 171.1745  1.00271714 21183
THAICOM 6               
1 39500U 14002A   19292.08243729 -.00000119  00000-0  00000+0 0  9993
2 39500   0.0756 115.3830 0003838  66.2068 313.8735  1.00270641 21125
TDRS 12                 
1 39504U 14004A   19291.43868896 -.00000270  00000-0  00000+0 0  9993
2 39504   4.9626 337.0680 0004122 226.6604 299.6738  1.00279693 21040
ABS-2                   
1 39508U 14006A   19291.85466213 -.00000085  00000-0  00000-0 0  9997
2 39508   0.0155 181.9789 0001484  47.2023 180.5223  1.00272159 20882
ATHENA-FIDUS            
1 39509U 14006B   19292.07432434  .00000156  00000-0  00000+0 0  9998
2 39509   0.0182 242.8778 0001499 330.2404 238.7403  1.00269319 21108
TURKSAT 4A              
1 39522U 14007A   19291.86605726  .00000148  00000-0  00000-0 0  9998
2 39522   0.0400 267.5799 0004421 325.2032 148.1011  1.00268994 20580
EXPRESS-AT1             
1 39612U 14010A   19291.86260279  .00000080  00000-0  00000-0 0  9997
2 39612   0.0282 347.1147 0001154 304.0565 102.4495  1.00271307 20419
EXPRESS-AT2             
1 39613U 14010B   19291.95097278 -.00000279  00000-0  00000-0 0  9996
2 39613   0.0174 316.5190 0000370 332.8024 220.0491  1.00271095 20480
AMAZONAS 4A             
1 39616U 14011A   19291.83669373 -.00000251  00000-0  00000-0 0  9998
2 39616   0.0582  54.4824 0003850 158.4242  41.3568  1.00274792 20293
ASTRA 5B                
1 39617U 14011B   19292.14489819  .00000156  00000-0  00000+0 0  9991
2 39617   0.0632 300.7811 0003673 271.8968 258.3540  1.00272734 20475
IRNSS-1B                
1 39635U 14017A   19292.03198541  .00000090  00000-0  00000+0 0  9991
2 39635  29.0721 281.1753 0018629 191.0603 341.6068  1.00268793 20402
LUCH 5V                 
1 39727U 14023A   19291.72677645 -.00000266  00000-0  00000-0 0  9999
2 39727   0.9751 308.3895 0002176 264.1246 170.7309  1.00267774538129
KAZSAT-3                
1 39728U 14023B   19292.15021958  .00000064  00000-0  00000+0 0  9992
2 39728   0.0356  96.6762 0000436 178.1847 225.0911  1.00259857 20043
EUTELSAT 3B             
1 39773U 14030A   19291.88964750  .00000022  00000-0  00000-0 0  9990
2 39773   0.0849 327.7320 0005986 232.0576 150.6877  1.00272084 19669
ASIASAT 8               
1 40107U 14046A   19291.88947215 -.00000031  00000-0  00000-0 0  9998
2 40107   0.0458  93.0366 0002171  97.1363 153.2600  1.00271330 77758
ASIASAT 6               
1 40141U 14052A   19292.12389932 -.00000360  00000-0  00000+0 0  9991
2 40141   0.0367  96.6087 0000776 128.5492 326.6914  1.00273544 18764
OPTUS 10                
1 40146U 14054A   19291.73898948 -.00000145  00000-0  00000+0 0  9997
2 40146   0.0634 117.3882 0004085  82.6654 248.9393  1.00270604 18724
MEASAT-3B               
1 40147U 14054B   19291.86966890 -.00000240  00000-0  00000-0 0  9991
2 40147   0.0363  54.6661 0000703 180.8690 196.1419  1.00270247 18508
LUCH (OLYMP)            
1 40258U 14058A   19291.93666609 -.00000067  00000-0  00000-0 0  9998
2 40258   0.0113 213.0804 0000101 171.0476  47.5751  1.00517603 18542
HIMAWARI-8              
1 40267U 14060A   19292.16661993 -.00000273  00000-0  00000+0 0  9996
2 40267   0.0389 162.2515 0001096  65.9867 359.8133  1.00271919 18461
IRNSS-1C                
1 40269U 14061A   19292.08330965 -.00000157  00000-0  00000+0 0  9993
2 40269   1.8795 198.1784 0022179   0.1651 301.9635  1.00263572 18423
INTELSAT 30 (IS-30)     
1 40271U 14062A   19291.83250640 -.00000148  00000-0  00000+0 0  9990
2 40271   0.0193 239.5616 0002635 197.7356 154.3956  1.00263534 18360
ARSAT 1                 
1 40272U 14062B   19291.83712991 -.00000257  00000-0  00000-0 0  9995
2 40272   0.0205 236.0665 0001609 334.6067  45.9450  1.00272543 18210
EXPRESS-AM6             
1 40277U 14064A   19291.86199215  .00000100  00000-0  00000-0 0  9999
2 40277   0.0285 319.6055 0001346 336.5948  94.2015  1.00270984 17176
GSAT-16                 
1 40332U 14078A   19291.84930219  .00000087  00000-0  00000+0 0  9994
2 40332   0.0944  98.1588 0004272  23.7386 265.9729  1.00272748 17867
DIRECTV 14              
1 40333U 14078B   19291.83163406 -.00000122  00000-0  00000-0 0  9992
2 40333   0.0122 231.5573 0001269 112.5324 243.0707  1.00269223 17738
YAMAL 401               
1 40345U 14082A   19291.86940720 -.00000228  00000-0  00000-0 0  9992
2 40345   0.0111 183.6233 0000197  67.6507 178.7693  1.00274441 17513
ASTRA 2G                
1 40364U 14089A   19291.85710692  .00000152  00000-0  00000-0 0  9997
2 40364   0.0405  44.5933 0001180  64.3602 254.9065  1.00274478 17560
FENGYUN 2G              
1 40367U 14090A   19291.65585363 -.00000297  00000-0  00000+0 0  9995
2 40367   1.5077  98.3272 0002629 301.9528 321.8870  1.00282562 17632
MUOS-3                  
1 40374U 15002A   19291.84838333 -.00000127  00000-0  00000-0 0  9999
2 40374   3.0698 341.4544 0058341 182.6176 152.9333  1.00271090 17197
INMARSAT 5-F2           
1 40384U 15005A   19291.83382831 -.00000283  00000-0  00000-0 0  9992
2 40384   0.0161 223.6303 0000208 351.8641  56.7112  1.00270250 16596
ABS-3A                  
1 40424U 15010A   19292.13800656 -.00000024  00000-0  00000+0 0  9999
2 40424   0.0100 233.5389 0002500 234.3907 326.1220  1.00272351 17011
EUTELSAT 115 WEST B     
1 40425U 15010B   19291.86160704 -.00000023  00000-0  00000+0 0  9991
2 40425   0.0087  46.7060 0000281  29.3371 146.3087  1.00272101 17035
EXPRESS-AM7             
1 40505U 15012A   19291.57228162  .00000153  00000-0  00000+0 0  9996
2 40505   0.0002 168.8601 0002363  46.3461  57.6040  1.00273387 16950
IRNSS-1D                
1 40547U 15018A   19291.94399389 -.00000292  00000-0  00000+0 0  9994
2 40547  28.9764 281.2721 0019742 185.4164  12.0450  1.00276588 16841
BEIDOU 17               
1 40549U 15019A   19291.52081905 -.00000161  00000-0  00000-0 0  9999
2 40549  53.4015 324.0016 0037494 192.6296 153.9349  1.00284900 16678
THOR 7                  
1 40613U 15022A   19292.13844274 -.00000006  00000-0  00000+0 0  9996
2 40613   0.0210 146.0801 0002722  57.7823 232.6952  1.00271027 16426
TURKMENALEM52E/MONACOSAT
1 40617U 15023A   19291.86181766  .00000105  00000-0  00000-0 0  9990
2 40617   0.0074 213.1731 0002871   0.8230 175.3487  1.00272368 16438
DIRECTV 15              
1 40663U 15026A   19291.61555066 -.00000101  00000-0  00000+0 0  9991
2 40663   0.0165 138.0945 0000149 190.9583 176.5478  1.00272414 16132
SKY MEXICO-1            
1 40664U 15026B   19291.83573413 -.00000232  00000-0  00000-0 0  9998
2 40664   0.0157 193.7037 0002167  20.3470  35.1115  1.00273173 16149
METEOSAT-11 (MSG-4)     
1 40732U 15034A   19291.85152383  .00000001  00000-0  00000-0 0  9997
2 40732   0.7953 249.1587 0000736 274.5712 170.2008  1.00263832 15641
STAR ONE C4             
1 40733U 15034B   19291.83747885 -.00000263  00000-0  00000-0 0  9994
2 40733   0.0484  51.9979 0001961 198.2406   8.3187  1.00271159 15630
WGS F7 (USA 263)        
1 40746U 15036A   19291.90535373  .00000020  00000-0  00000-0 0  9995
2 40746   0.0132 233.3666 0000086 358.5943 296.1139  1.00272089 15498
INTELSAT 34 (IS-34)     
1 40874U 15039A   19291.84035764 -.00000283  00000-0  00000-0 0  9994
2 40874   0.0195 241.9521 0000167 331.6648  60.4836  1.00272723 15275
EUTELSAT 8 WEST B       
1 40875U 15039B   19291.84986634 -.00000063  00000-0  00000-0 0  9992
2 40875   0.0730  31.2904 0003347 153.8451 139.8828  1.00272546 15269
GSAT-6                  
1 40880U 15041A   19292.08313517 -.00000155  00000-0  00000+0 0  9993
2 40880   0.1047  99.2307 0007440 154.1063 246.0149  1.00272280 15238
INMARSAT 5-F3           
1 40882U 15042A   19291.90535373  .00000052  00000-0  00000-0 0  9998
2 40882   0.0190 234.7240 0000114 267.5445  30.3737  1.00271047 15174
MUOS-4                  
1 40887U 15044A   19291.86652840 -.00000093  00000-0  00000-0 0  9995
2 40887   3.2362 338.6694 0052245 357.4136  77.9912  1.00272077 15176
TJS-1                   
1 40892U 15046A   19291.91646762 -.00000154  00000-0  10000-3 0  9997
2 40892   0.0448 305.7003 0005635  76.5171 129.8406  1.00271042 15154
EXPRESS-AM8             
1 40895U 15048A   19291.92044021 -.00000109  00000-0  00000-0 0  9999
2 40895   0.0205 306.8136 0001510 332.4686  65.2234  1.00272260 14974
BEIDOU 20               
1 40938U 15053A   19291.39532166 -.00000120  00000-0  00000+0 0  9998
2 40938  52.9817 286.9957 0050001 184.5005 153.5283  1.00282403 14959
SKY MUSTER (NBN1A)      
1 40940U 15054A   19292.16653270 -.00000277  00000-0  00000+0 0  9991
2 40940   0.0127 256.5957 0001801 315.2368  15.7331  1.00273099 14877
ARSAT 2                 
1 40941U 15054B   19291.83529795 -.00000223  00000-0  00000-0 0  9991
2 40941   0.0201 237.6363 0001706 336.2271  32.8987  1.00272478 14925
MORELOS 3               
1 40946U 15056A   19292.19655649 -.00000046  00000-0  00000+0 0  9998
2 40946   5.2031 328.1218 0001313 181.6357 195.2903  1.00272225 14881
APSTAR 9                
1 40982U 15059A   19292.16688164 -.00000264  00000-0  00000+0 0  9998
2 40982   0.0563  90.1503 0000752 106.5128  32.8174  1.00271063 14756
TURKSAT 4B              
1 40984U 15060A   19291.86138148  .00000117  00000-0  00000-0 0  9997
2 40984   0.0124 180.8913 0002341  25.0371 181.2802  1.00268240 14710
CHINASAT 2C (ZX 2C)     
1 41021U 15063A   19291.94390667 -.00000322  00000-0  00000-0 0  9997
2 41021   0.0572  63.8509 0002077 253.2350 153.3155  1.00271388 14616
GSAT-15                 
1 41028U 15065A   19291.87010508 -.00000256  00000-0  00000-0 0  9997
2 41028   0.0598  96.1991 0002742 118.4018 219.2195  1.00271291 14436
BADR-7 (ARABSAT-6B)     
1 41029U 15065B   19291.84840986  .00000147  00000-0  00000+0 0  9993
2 41029   0.0565 262.4063 0005807 332.5421 123.5461  1.00270069 14515
LAOSAT 1                
1 41034U 15067A   19291.87757623 -.00000341  00000-0  00000-0 0  9997
2 41034   0.0509  64.2101 0001346 104.5006 302.8210  1.00273773 14474
TELSTAR 12V             
1 41036U 15068A   19289.76670655 -.00000115  00000-0  00000+0 0  9992
2 41036   0.0054 241.4674 0002134 317.4642  87.1103  1.00272463 14303
CHINASAT 1C (ZX 1C)     
1 41103U 15073A   19292.44841149 -.00000150  00000-0  00000+0 0  9999
2 41103   1.0470  94.6965 0002237 146.6319  29.2891  1.00272493 14279
ELEKTRO-L 2             
1 41105U 15074A   19291.97350110 -.00000095  00000-0  00000-0 0  9991
2 41105   0.6271 102.3210 0000881  77.5931 273.7212  1.00273066 14124
COSMOS 2513             
1 41121U 15075A   19291.93928316 -.00000137  00000-0  10000-3 0  9996
2 41121   0.0524 120.6054 0001809  91.3513 233.5979  1.00272063 14206
EXPRESS-AMU1            
1 41191U 15082A   19292.14577054  .00000157  00000-0  00000+0 0  9990
2 41191   0.0121 258.7767 0002333 312.9020 264.2664  1.00269303 14113
GAOFEN 4                
1 41194U 15083A   19292.06021556 -.00000333  00000-0  00000+0 0  9993
2 41194   0.0646 113.0573 0004399 104.5731 297.0800  1.00271767 14094
BELINTERSAT-1           
1 41238U 16001A   19291.86173043  .00000108  00000-0  00000-0 0  9999
2 41238   0.0195 128.6610 0001647  32.7189 227.4129  1.00273258 13859
IRNSS-1E                
1 41241U 16003A   19291.88834080 -.00000271  00000-0  00000-0 0  9994
2 41241  28.7165 100.2333 0021032 180.3389 178.0940  1.00268772 13674
EUTELSAT 9B             
1 41310U 16005A   19291.88979231  .00000064  00000-0  00000-0 0  9990
2 41310   0.1019  82.7133 0005035 181.3483  92.3604  1.00272529 13711
SES-9                   
1 41380U 16013A   19292.06021556 -.00000343  00000-0  00000+0 0  9995
2 41380   0.0238 262.5863 0001075 249.1468   5.5251  1.00271616 13354
EUTELSAT 65 WEST A      
1 41382U 16014A   19292.12561904 -.00000275  00000-0  00000+0 0  9995
2 41382   0.0550  23.4172 0002033 177.6653 166.2947  1.00273206 13259
IRNSS-1F                
1 41384U 16015A   19291.85789205  .00000161  00000-0  00000-0 0  9997
2 41384   2.5151 233.7957 0017628 187.8226 306.7611  1.00273236 13293
BEIDOU IGSO-6           
1 41434U 16021A   19291.84216041 -.00000129  00000-0  00000+0 0  9996
2 41434  56.7013  63.1159 0037402 199.0959 163.5150  1.00266103 13096
IRNSS-1G                
1 41469U 16027A   19291.87757623 -.00000334  00000-0  00000-0 0  9998
2 41469   2.5540 236.3588 0003994 239.3777 356.7887  1.00268361 12790
JCSAT 2B                
1 41471U 16028A   19291.88214365 -.00000163  00000-0  00000+0 0  9993
2 41471   0.0155 197.9899 0002053  24.2579 276.4368  1.00272477 12695
THAICOM 8               
1 41552U 16031A   19292.08243729 -.00000120  00000-0  00000+0 0  9999
2 41552   0.0612  42.6489 0000377  46.0362  46.8009  1.00270096 12385
INTELSAT 31 (IS-31)     
1 41581U 16035A   19291.54532573 -.00000148  00000-0  00000+0 0  9993
2 41581   0.0175 237.3393 0002065 348.4693 262.2207  1.00271092 12291
BEIDOU-2 G7             
1 41586U 16037A   19291.88689032 -.00000351  00000-0  00000-0 0  9997
2 41586   1.0571  51.6276 0005488 358.5809  46.6571  1.00266755 12396
ABS-2A (MONGOLSAT-1)    
1 41588U 16038A   19292.15353455 -.00000082  00000-0  00000+0 0  9998
2 41588   0.0184 223.4279 0001797 245.6623  48.2848  1.00269772 12306
EUTELSAT 117 WEST B     
1 41589U 16038B   19291.89985253 -.00000010  00000-0  00000-0 0  9998
2 41589   0.0144  79.8519 0000241 356.2456 157.9450  1.00272900 12280
BRISAT                  
1 41591U 16039A   19292.03799551 -.00000194  00000-0  00000+0 0  9995
2 41591   0.0163 247.8358 0002276 322.3548 341.2482  1.00271631 12247
ECHOSTAR 18             
1 41592U 16039B   19291.83922358 -.00000279  00000-0  00000-0 0  9991
2 41592   0.0154 214.2591 0001726   3.1208  50.4321  1.00268674 12234
MUOS-5                  
1 41622U 16041A   19291.60718476 -.00000138  00000-0  00000+0 0  9990
2 41622   7.7601 309.7887 0206185 212.8708 337.8116  1.00272675 12664
TIANTONG-1 1            
1 41725U 16048A   19291.94347049 -.00000318  00000-0  00000-0 0  9993
2 41725   3.3388 330.3742 0003273 310.5958 187.2293  1.00274416 11867
JCSAT-16                
1 41729U 16050A   19292.04910394 -.00000354  00000-0  00000+0 0  9990
2 41729   0.0490  81.0034 0004614 170.7029 277.2559  1.00271683 11675
INTELSAT 36 (IS-36)     
1 41747U 16053A   19291.86513263 -.00000023  00000-0  00000-0 0  9990
2 41747   0.0148 306.4713 0002584  58.1911  42.3665  1.00271196 11562
INTELSAT 33E (IS-33E)   
1 41748U 16053B   19292.15056853  .00000050  00000-0  00000+0 0  9999
2 41748   0.0393  55.4733 0002453 161.4210 284.6716  1.00271454 11827
INSAT-3DR               
1 41752U 16054A   19291.85466213 -.00000075  00000-0  00000-0 0  9995
2 41752   0.1309  95.8870 0012487 171.3690 141.4974  1.00271346 11400
GSAT-18                 
1 41793U 16060A   19292.15336007 -.00000076  00000-0  00000+0 0  9998
2 41793   0.0981  97.9559 0000692  17.5367  41.0760  1.00271764 11136
SKY MUSTER 2            
1 41794U 16060B   19291.92202212 -.00000242  00000-0  00000-0 0  9999
2 41794   0.0123 256.7214 0001593 317.7768 289.3740  1.00271496 11125
HIMAWARI-9              
1 41836U 16064A   19292.16661993 -.00000273  00000-0  00000+0 0  9995
2 41836   0.0391  50.2344 0000706 159.0650  18.8300  1.00273525 10909
SHIJIAN-17 (SJ-17)      
1 41838U 16065A   19291.92768609 -.00000261  00000-0  00000-0 0  9991
2 41838   1.0416  94.9046 0000502 344.6343  15.8205  1.00269281 10825
GOES 16                 
1 41866U 16071A   19291.83643203 -.00000246  00000-0  00000-0 0  9994
2 41866   0.0411  52.1865 0000747 202.7251 358.0646  1.00271705 10711
TIANLIAN 1-04           
1 41869U 16072A   19291.85114721 -.00000105  00000-0  00000-0 0  9992
2 41869   0.7963 283.0608 0013284 179.2780 308.1526  1.00270614 10911
WGS F8 (USA 272)        
1 41879U 16075A   19291.88135852 -.00000200  00000-0  00000-0 0  9993
2 41879   0.0143 248.9963 0000238 196.4756  48.7237  1.00271022 10446
FENGYUN 4A              
1 41882U 16077A   19291.92931565 -.00000328  00000-0  00000-0 0  9990
2 41882   0.2220 287.0782 0002630 145.4571  33.8003  1.00266530 10587
ECHOSTAR 19             
1 41893U 16079A   19291.83207022 -.00000136  00000-0  00000-0 0  9995
2 41893   0.0153 216.6199 0001663   9.7858   3.0604  1.00270597 10312
JCSAT-15                
1 41903U 16082A   19291.92103894 -.00000349  00000-0  00000-0 0  9999
2 41903   0.0115 246.7151 0001357 338.3434 243.7257  1.00271696 10368
STAR ONE D1             
1 41904U 16082B   19291.83468730 -.00000209  00000-0  00000-0 0  9998
2 41904   0.0196 134.8595 0001590  13.9252  94.7543  1.00273084 10376
TJS-2                   
1 41911U 17001A   19292.17360413 -.00000341  00000-0  00000+0 0  9991
2 41911   0.3688  94.8374 0002693 265.2747 197.2898  1.00275429 10321
SBIRS GEO-3 (USA 273)   
1 41937U 17004A   19291.74788757  .00000128  00000-0  00000-0 0  9992
2 41937   4.2821 312.0331 0002626 251.2341 293.5274  1.00273443 10209
HISPASAT 36W-1          
1 41942U 17006A   19291.84428325 -.00000242  00000-0  00000-0 0  9991
2 41942   0.0164  41.6280 0000974 160.1065  93.2687  1.00271763  9835
TELKOM 3S               
1 41944U 17007A   19291.88313350 -.00000361  00000-0  00000+0 0  9990
2 41944   0.0179 242.3938 0002459 340.6300 240.0143  1.00270987  9814
INTELSAT 32E (IS-32E)   
1 41945U 17007B   19292.12998084 -.00000267  00000-0  00000+0 0  9997
2 41945   0.0010 174.4353 0000437  82.0451 134.4854  1.00272032  9855
ECHOSTAR 23             
1 42070U 17014A   19291.83791503 -.00000268  00000-0  00000-0 0  9991
2 42070   0.0179 217.4857 0002078 351.9588  51.3682  1.00272309  9538
WGS F9 (USA 275)        
1 42075U 17016A   19291.86277726  .00000075  00000-0  00000-0 0  9992
2 42075   0.0198 226.4709 0000110  32.4307 135.5619  1.00269591  9494
SES-10                  
1 42432U 17017A   19291.83808950 -.00000270  00000-0  00000-0 0  9994
2 42432   0.0123 244.6740 0002786 335.4342  41.7318  1.00270427  9351
CHINASAT 16 (SJ-13)     
1 42662U 17018A   19292.17051271 -.00000351  00000-0  99999+0 0  9998
2 42662   0.0704  82.5992 0007684 149.0836 327.6267  1.00271126  9343
KOREASAT 7              
1 42691U 17023A   19291.88313350 -.00000360  00000-0  00000-0 0  9998
2 42691   0.0259  95.2301 0001766  97.7630 267.9184  1.00270020  8986
SGDC                    
1 42692U 17023B   19292.13203735 -.00000248  00000-0  00000+0 0  9997
2 42692   0.0415  61.5347 0002298 149.0472 149.4432  1.00270397  9059
GSAT-9                  
1 42695U 17024A   19291.87089021 -.00000284  00000-0  00000-0 0  9992
2 42695   0.0614 105.9788 0002305 105.6983 226.2515  1.00269624  8910
INMARSAT 5-F4           
1 42698U 17025A   19291.86269002  .00000077  00000-0  00000-0 0  9993
2 42698   0.0184 238.2510 0000788  38.5426 117.3564  1.00270606  8867
SES-15                  
1 42709U 17026A   19292.16933946  .00000061  00000-0  00000+0 0  9998
2 42709   0.0152 262.9335 0001008 308.9422 107.3336  1.00271891  9785
QZS-2  (MICHIBIKI-2)    
1 42738U 17028A   19290.30129552 -.00000179  00000-0  00000+0 0  9997
2 42738  43.4039 277.8270 0748282 270.5495  84.0714  1.00258088  8728
VIASAT-2                
1 42740U 17029A   19291.83747885 -.00000263  00000-0  00000-0 0  9990
2 42740   0.0197 261.2544 0000359   0.6378 356.7622  1.00271404  8795
EUTELSAT 172B           
1 42741U 17029B   19291.81547948 -.00000003  00000-0  00000+0 0  9998
2 42741   0.0177 179.9283 0000336 119.6133 193.0684  1.00272358  9301
GSAT-19                 
1 42747U 17031A   19291.90241744  .00000127  00000-0  00000-0 0  9999
2 42747   0.0626 103.7352 0001842  50.9255 245.2081  1.00270913  8735
ECHOSTAR 21             
1 42749U 17032A   19291.88981517  .00000061  00000-0  00000-0 0  9995
2 42749   5.9850 313.9866 0002545 266.6737 137.0353  1.00271049  8716
CHINASAT 9A (ZX 9A)     
1 42763U 17035A   19291.94347049 -.00000312  00000-0  00000-0 0  9997
2 42763   0.0524 116.8090 0002225  35.2260 316.2226  1.00274467  9258
BULGARIASAT-1           
1 42801U 17038A   19292.13896615  .00000013  00000-0  00000+0 0  9999
2 42801   0.0305 269.9775 0002700 289.4556 239.8628  1.00274524  8515
HELLAS-SAT 3            
1 42814U 17040A   19292.14638122  .00000154  00000-0  00000+0 0  9990
2 42814   0.0643  45.9758 0000565 182.3904 250.6859  1.00273193  8486
GSAT-17                 
1 42815U 17040B   19291.87010508 -.00000256  00000-0  00000-0 0  9997
2 42815   0.0895  94.9845 0005770 152.4921 186.3527  1.00272656  8409
INTELSAT 35E (IS-35E)   
1 42818U 17041A   19291.84454497 -.00000235  00000-0  00000-0 0  9994
2 42818   0.0151 210.2241 0001907   5.1685  81.2119  1.00272537  8474
COSMOS 2520             
1 42907U 17046A   19292.14760250  .00000138  00000-0  00000+0 0  9999
2 42907   0.0199 147.6826 0000489 236.6973 101.0948  1.00274127  7996
TDRS 13                 
1 42915U 17047A   19291.84916847 -.00000102  00000-0  00000-0 0  9993
2 42915   5.9463 330.2543 0010929  95.4892 255.5663  1.00272291  7944
QZS-3 (MICHIBIKI-3)     
1 42917U 17048A   19292.04910394 -.00000346  00000-0  00000+0 0  9999
2 42917   0.0500 214.9054 0002450   9.6563 307.3830  1.00276301  7972
AMAZONAS 5              
1 42934U 17053A   19291.83931081 -.00000280  00000-0  00000-0 0  9994
2 42934   0.0351 309.8742 0002861 287.3139  31.0285  1.00271927  7696
ASIASAT 9               
1 42942U 17057A   19291.30150131 -.00000357  00000-0  00000+0 0  9992
2 42942   0.0049 119.3747 0002382  79.3833  58.4196  1.00270145  7534
INTELSAT 37E (IS-37E)   
1 42950U 17059A   19292.13495330 -.00000139  00000-0  00000+0 0  9996
2 42950   0.0046 233.0390 0003119 340.8806 204.0139  1.00271281  7654
BSAT-4A                 
1 42951U 17059B   19292.06021556 -.00000348  00000-0  00000+0 0  9996
2 42951   0.0691  62.7281 0000391 352.7993 103.2650  1.00270771  7555
QZS-4 (MICHIBIKI-4)     
1 42965U 17062A   19291.61589878 -.00000289  00000-0  00000-0 0  9996
2 42965  40.7832  14.8129 0748534 270.1052 103.2910  1.00271356  7429
SES-11 (ECHOSTAR 105)   
1 42967U 17063A   19292.21698906 -.00000088  00000-0  00000+0 0  9995
2 42967   0.0117 163.3858 0003090  55.1833 142.0265  1.00270789  7416
KOREASAT 5A             
1 42984U 17067A   19292.05466123 -.00000357  00000-0  00000+0 0  9993
2 42984   0.0139 203.6431 0001913 350.5427 325.9105  1.00273760  7234
ALCOMSAT 1              
1 43039U 17078A   19291.84646414 -.00000183  00000-0  00000-0 0  9994
2 43039   0.0252 251.5992 0002906 299.0542 116.3369  1.00272944  6892
SBIRS GEO-4 (USA 282)   
1 43162U 18009A   19291.98243747 -.00000294  00000-0  00000+0 0  9995
2 43162   5.4189 317.8069 0002500 248.5778 313.4882  1.00271871  6436
AL YAH 3                
1 43174U 18012A   19291.84742375 -.00000153  00000-0  00000-0 0  9993
2 43174   0.0210 272.1328 0002095 301.5167  98.3925  1.00271305  6458
SES-14                  
1 43175U 18012B   19291.84201512 -.00000276  00000-0  00000-0 0  9993
2 43175   0.0136 264.2889 0001238 310.6028  67.7983  1.00271458  6672
GOES 17                 
1 43226U 18022A   19291.88313340  .00000099  00000-0  00000-0 0  9990
2 43226   0.0161 349.6827 0000473 255.9981 322.1516  1.00272209  6019
HISPASAT 30W-6          
1 43228U 18023A   19291.84550455 -.00000213  00000-0  00000-0 0  9998
2 43228   0.0525  55.0636 0002262 130.0233 116.3766  1.00271963  6085
SUPERBIRD 8             
1 43271U 18033A   19292.17089449 -.00000090  00000-0  00000+0 0  9996
2 43271   0.0094 186.9126 0001574  54.3096   9.6867  1.00271661  5655
HYLAS 4                 
1 43272U 18033B   19291.84480667 -.00000231  00000-0  00000-0 0  9995
2 43272   0.0715 115.9727 0004655  75.3667 106.3303  1.00271869  5699
IRNSS-1I                
1 43286U 18035A   19291.57542212  .00000124  00000-0  00000+0 0  9996
2 43286  28.6861 113.5460 0019920 176.5337 359.0082  1.00268350  5668
COSMOS 2526             
1 43432U 18037A   19292.04910394 -.00000343  00000-0  00000+0 0  9998
2 43432   0.0219 121.5824 0001382 322.7721  88.6408  1.00272504  5573
APSTAR 6C               
1 43450U 18041A   19291.88567988 -.00000316  00000-0  00000-0 0  9992
2 43450   0.0173 244.6530 0000643 176.3240  58.9699  1.00270711  5436
BANGABANDHUSAT-1        
1 43463U 18044A   19292.05466123 -.00000361  00000-0  00000+0 0  9997
2 43463   0.0128 219.7462 0002053 354.2201 312.0337  1.00271339  5337
SES-12                  
1 43488U 18049A   19292.08575226 -.00000268  00000-0  00000+0 0  9993
2 43488   0.0466  61.2042 0002837 191.1131 260.8628  1.00272134  5037
FENGYUN 2H              
1 43491U 18050A   19292.08261176 -.00000128  00000-0  00000+0 0  9990
2 43491   1.2329 279.8934 0002924 244.5387 331.7698  1.00274510  5116
BEIDOU IGSO-7           
1 43539U 18057A   19291.87436030 -.00000117  00000-0  00000+0 0  9997
2 43539  55.0369 184.4742 0025194 201.5264  67.5484  1.00291415  4758
TELSTAR 19V             
1 43562U 18059A   19292.12605522 -.00000278  00000-0  00000+0 0  9996
2 43562   0.0090 230.2186 0002460 326.4340 173.0752  1.00274083  4775
TELKOM 4 (MERAH PUTIH)  
1 43587U 18064A   19292.06021556 -.00000343  00000-0  00000+0 0  9994
2 43587   0.0183 242.0556 0001564 343.2781 291.6153  1.00274275  4468
TELSTAR 18V (APSTAR 5C) 
1 43611U 18069A   19292.04354983 -.00000292  00000-0  00000+0 0  9991
2 43611   0.0153 229.6667 0002131 355.5288 315.7035  1.00269254  4217
AZERSPACE 2 (IS-38)     
1 43632U 18074A   19291.86042189  .00000138  00000-0  00000-0 0  9990
2 43632   0.0179 221.9680 0001553   0.2181 159.7758  1.00269968  4109
HORIZONS 3E             
1 43633U 18074B   19291.81340174 -.00000028  00000-0  00000+0 0  9999
2 43633   0.0018 285.8088 0000637 335.3868 227.6976  1.00271245  3959
AEHF-4 (USA 288)        
1 43651U 18079A   19292.14890653  .00000126  00000-0  00000+0 0  9991
2 43651   4.3588 311.3453 0004896 251.3194  88.1143  1.00275610  3898
BEIDOU-3 G1             
1 43683U 18085A   19291.95201962 -.00000243  00000-0  00000-0 0  9992
2 43683   2.3100 265.4412 0001139 306.7207 302.3009  1.00274806  3665
GSAT-29                 
1 43698U 18089A   19291.84930109  .00000087  00000-0  00000+0 0  9996
2 43698   0.0464 114.0820 0002665 115.1145 158.6503  1.00271037  3427
ES'HAIL 2               
1 43700U 18090A   19291.84840986  .00000146  00000-0  00000-0 0  9992
2 43700   0.0168 173.9694 0001722  60.6424 123.6889  1.00272797  3278
GEO-KOMPSAT-2A          
1 43823U 18100A   19291.92757641 -.00000342  00000-0  00000-0 0  9993
2 43823   0.0444  54.1448 0001258  83.5166 351.6709  1.00273402  3222
GSAT-11                 
1 43824U 18100B   19291.85466213 -.00000075  00000-0  00000-0 0  9991
2 43824   0.0264 157.1875 0005418 331.4823 280.0034  1.00272176  3153
GSAT-7A                 
1 43864U 18105A   19292.15109194  .00000028  00000-0  00000+0 0  9992
2 43864   0.0987  96.2400 0002298 119.4797 288.8313  1.00271863  3072
COSMOS 2533             
1 43867U 18107A   19291.86539434 -.00000037  00000-0  00000-0 0  9990
2 43867   0.0265 118.5802 0000630 203.1001  86.9439  1.00273027  3019
TJS-3                   
1 43874U 18110A   19291.90535373  .00000004  00000-0  00000-0 0  9998
2 43874   0.0139 149.9914 0007070  69.1448 306.8932  1.00270012  3089
TJS-3 AKM               
1 43917U 18110C   19291.93487691  .00000058  00000-0  00000-0 0  9997
2 43917   0.3793  97.8665 0004582 109.0341 215.8278  1.00275557  2957
CHINASAT 2D (ZX 2D)     
1 43920U 19001A   19291.94914083 -.00000335  00000-0  00000-0 0  9991
2 43920   0.0536  81.8642 0001094 144.8844 272.0881  1.00274231  2965
GSAT-31                 
1 44035U 19007B   19292.08339688 -.00000164  00000-0  00000+0 0  9992
2 44035   0.0207 208.9164 0005318  32.5181 258.9035  1.00271740  2561
NUSANTARA SATU          
1 44048U 19009A   19292.16766677 -.00000234  00000-0  00000+0 0  9997
2 44048   0.0124 207.9642 0002050   8.8050  16.9429  1.00268683  2374
WGS 10 (USA 291)        
1 44071U 19014A   19291.90535373  .00000053  00000-0  00000-0 0  9996
2 44071   0.0741  95.2786 0000209 218.3324 219.2207  1.00269548  2247
ARABSAT-6A              
1 44186U 19021A   19292.14463649  .00000155  00000-0  00000+0 0  9996
2 44186   0.0539 335.6361 0004588 275.7634 218.5482  1.00274440  1809
BEIDOU-3 IGSO-1         
1 44204U 19023A   19291.80153764 -.00000183  00000-0  10000-3 0  9992
2 44204  55.1511  63.6039 0019147 178.2597 184.5713  1.00250163  1965
YAMAL 601               
1 44307U 19031A   19291.86120701  .00000122  00000-0  00000-0 0  9994
2 44307   0.0116 220.2758 0001641 356.7774 169.0287  1.00269600  1553
AT&T T-16               
1 44333U 19034A   19291.61598684 -.00000113  00000-0  00000+0 0  9998
2 44333   0.0363  83.6993 0000520 115.3248 308.7363  1.00273306  1250
INTELSAT 39 (IS-39)     
1 44476U 19049B   19291.72023375  .00000035  00000-0  00000+0 0  9996
2 44476   0.0113 205.0067 0000539 105.4030  37.7557  1.00272343   772
AMOS-17                 
1 44479U 19050A   19292.21311667  .00000094  00000-0  00000+0 0  9995
2 44479   0.0425 283.1182 0001931 271.5388 283.3375  1.00275695   819
