GORIZONT 1 [-]          
1 11158U 78118A   19291.32937828  .00000003  00000-0  00000-0 0  9998
2 11158  12.7943 243.1838 3585599 229.1075  93.9377  1.00298617 98530
GORIZONT 2 [-]          
1 11440U 79062A   19292.08339688 -.00000172  00000-0  00000+0 0  9992
2 11440  11.3947 313.4410 0004876 295.9637 251.1529  1.00242841113618
GORIZONT 3 [-]          
1 11648U 79105A   19291.71622090  .00000134  00000-0  00000-0 0  9999
2 11648  11.5282 314.7046 0010220 194.0404 178.2608  1.00244888 98085
GORIZONT 4 [-]          
1 11841U 80049A   19291.41013448 -.00000202  00000-0  00000-0 0  9998
2 11841  12.6020 319.6208 0004455 329.0462 207.6157  0.98630671209516
GORIZONT 5 [-]          
1 13092U 82020A   19291.78382875 -.00000111  00000-0  00000+0 0  9990
2 13092  13.4640 324.5513 0030763 187.5952 178.0638  0.98532673 97602
GORIZONT 6 [-]          
1 13624U 82103A   19291.22504203 -.00000166  00000-0  00000-0 0  9994
2 13624  12.3502 324.4592 0001858 328.4177  77.8506  1.00379504 96540
GORIZONT 7 [-]          
1 14160U 83066A   19290.98073487 -.00000160  00000-0  00000+0 0  9999
2 14160  13.7767 332.8202 0013388 302.4918  57.4796  0.98348621130851
GORIZONT 8 [-]          
1 14532U 83118A   19291.51775917 -.00000163  00000-0  00000-0 0  9991
2 14532  13.8898 334.4960 0025434 119.0598 246.7792  0.98270511 96593
GORIZONT 9 [-]          
1 14940U 84041A   19291.89536944 -.00000213  00000-0  00000-0 0  9992
2 14940  13.1065 332.8687 0002992 247.7373 214.9076  1.00315588 97543
GORIZONT 10 [-]         
1 15144U 84078A   19291.55988024  .00000115  00000-0  00000-0 0  9992
2 15144  13.1684 333.8617 0004097 329.6780 124.5603  1.00322046130177
GORIZONT 11 [-]         
1 15484U 85007A   19291.32284440 -.00000093  00000-0  00000+0 0  9993
2 15484  13.2801 335.7097 0001839  10.2999  47.4261  1.00387162128210
GORIZONT 12 [-]         
1 16769U 86044A   19291.58597765 -.00000351  00000-0  00000+0 0  9994
2 16769  13.7072 340.7519 0003899 299.4124  66.2520  1.00255315122873
GORIZONT 13 [-]         
1 17083U 86090A   19290.98370089 -.00000148  00000-0  00000+0 0  9990
2 17083  15.3553 347.2416 0018352 313.7929  47.8194  0.96726690 95128
GORIZONT 14 [-]         
1 17969U 87040A   19291.62047556 -.00000173  00000-0  00000-0 0  9990
2 17969  14.6293 339.2158 0026931 148.9815 265.0888  0.97659861 96099
GORIZONT 15 [-]         
1 19017U 88028A   19291.92235939 -.00000174  00000-0  00000+0 0  9990
2 19017  15.4978 350.3406 0031962 129.7333 235.4912  0.97829782 95680
GORIZONT 16 [-]         
1 19397U 88071A   19290.39755014 -.00000292  00000-0  00000+0 0  9991
2 19397  14.3781 349.1514 0015323  15.9183 118.3569  0.99980699113886
GORIZONT 17 [-]         
1 19765U 89004A   19291.92340623 -.00000177  00000-0  00000+0 0  9995
2 19765  14.7917 352.2399 0018655 100.0479 268.6102  0.99068595111467
GORIZONT 18 [-]         
1 20107U 89052A   19291.53027324  .00000046  00000-0  00000-0 0  9992
2 20107  14.7737 353.5468 0038176 293.7486 139.3063  0.99401106110220
GORIZONT 19 [-]         
1 20263U 89081A   19291.78670753  .00000131  00000-0  00000+0 0  9998
2 20263  14.5260 352.8854 0005111 281.1647  71.3645  1.00261542110093
GORIZONT 20 [-]         
1 20659U 90054A   19291.83746880 -.00000018  00000-0  00000-0 0  9996
2 20659  14.8363 355.7701 0002507 165.2610 231.9644  1.00316155107304
GORIZONT 21 [-]         
1 20923U 90094A   19291.95118941 -.00000221  00000-0  00000+0 0  9993
2 20923  14.8091 356.5509 0003399 244.4341 101.2686  1.00235461106047
GORIZONT 22 [-]         
1 20953U 90102A   19291.89506852 -.00000106  00000-0  00000-0 0  9994
2 20953  14.7520 356.8619 0006556 325.4374 104.9267  1.00154256105973
GORIZONT 23 [-]         
1 21533U 91046A   19291.79072038  .00000045  00000-0  00000+0 0  9990
2 21533  15.3372   0.7696 0008105 295.3404  71.4542  0.98906414 96667
GORIZONT 24 [-]         
1 21759U 91074A   19291.72459556 -.00000010  00000-0  00000-0 0  9992
2 21759  15.4063   2.5124 0017059 212.8469 156.8099  0.98441439101005
GORIZONT 25 [-]         
1 21922U 92017A   19291.52421462 -.00000210  00000-0  00000-0 0  9997
2 21922  14.9675   2.0753 0027112  44.7836 328.2707  0.99860244100644
GORIZONT 26 [-]         
1 22041U 92043A   19291.52072517 -.00000314  00000-0  00000-0 0  9997
2 22041  15.0491   3.8791 0030905 215.5914 135.4884  0.99246059 99312
GORIZONT 27 [-]         
1 22245U 92082A   19291.84285847  .00000120  00000-0  00000-0 0  9997
2 22245  14.9740   3.7858 0015667 329.9010  26.2821  1.00173652102731
GORIZONT 28 [-]         
1 22880U 93069A   19291.84285847  .00000071  00000-0  00000-0 0  9993
2 22880  14.9351   7.3773 0029869 103.4970 251.4944  0.99652479 94878
GORIZONT 29 [-]         
1 22907U 93072A   19291.64410902 -.00000279  00000-0  00000+0 0  9997
2 22907  14.8688   6.9756 0014204 310.6386  85.3391  1.00162795 94832
GORIZONT 30 [-]         
1 23108U 94030A   19291.99110128 -.00000168  00000-0  00000+0 0  9998
2 23108  14.8357   7.9312 0003118 283.1834  73.0078  1.00291218 93098
GORIZONT 31 [-]         
1 23775U 96005A   19291.37843275  .00000044  00000-0  00000-0 0  9993
2 23775  14.4521  13.7795 0016861 185.8327 200.7197  0.99884322 86747
GORIZONT 32 [-]         
1 23880U 96034A   19291.25085378  .00000090  00000-0  00000+0 0  9991
2 23880  14.3748  14.3711 0012407 314.7449 341.8622  1.00190459 85663
GORIZONT 33 [-]         
1 26372U 00029A   19291.92240492 -.00000263  00000-0  00000-0 0  9997
2 26372  12.5685  24.6460 0002259 330.5471 292.2312  1.00173511 71022
