INTELSAT 26 (IS-26)     
1 24732U 97007A   19291.86382410  .00000022  00000-0  00000-0 0  9999
2 24732   8.6991  44.4129 0003393 184.5442 171.2869  1.00273549 48336
GALAXY 25 (G-25)        
1 24812U 97026A   19291.85797928  .00000158  00000-0  00000-0 0  9992
2 24812   1.3545  92.3246 0003278 112.0757 164.4022  1.00272771 81977
INTELSAT 5 (IS-5)       
1 24916U 97046A   19292.15469278  .00000095  00000-0  00000+0 0  9996
2 24916   5.2196  66.8416 0003239 135.8925 103.3166  1.00272973 81211
INTELSAT 805 (IS-805)   
1 25371U 98037A   19292.10049512 -.00000027  00000-0  00000+0 0  9999
2 25371   1.8864  89.5913 0003443 125.4168  17.6051  1.00273017 78166
GALAXY 11 (G-11)        
1 26038U 99071A   19291.90465052 -.00000160  00000-0  00000-0 0  9996
2 26038   0.6514  99.7333 0001399 169.2339 350.7367  1.00271620 72689
INTELSAT 9 (IS-9)       
1 26451U 00043A   19292.07729036  .00000114  00000-0  00000+0 0  9997
2 26451   5.2063  67.0396 0003644 143.6009 258.2073  1.00073026 70459
INTELSAT 12 (IS-12)     
1 26590U 00068A   19291.86426027  .00000016  00000-0  00000-0 0  9990
2 26590   2.3684  88.2282 0004318 141.7847 172.4442  1.00271012 27316
INTELSAT 1R (IS-1R)     
1 26608U 00072A   19291.91646762 -.00000134  00000-0  00000-0 0  9993
2 26608   2.1418  88.1050 0001028 152.0835 273.9815  1.00271854 16928
INTELSAT 10 (IS-10)     
1 26766U 01019A   19291.86094530  .00000128  00000-0  00000-0 0  9996
2 26766   3.3444  80.5172 0001683 171.8799 132.1215  1.00273979 21231
INTELSAT 901 (IS-901)   
1 26824U 01024A   19291.84559181 -.00000211  00000-0  00000-0 0  9997
2 26824   1.3346  92.2125 0001284  86.7621 123.0079  1.00270728 67289
INTELSAT 902 (IS-902)   
1 26900U 01039A   19291.83729818  .00000035  00000-0  00000-0 0  9996
2 26900   0.0603 100.1799 0000890 162.3708 127.9222  1.00271280 66311
DIRECTV 4S              
1 26985U 01052A   19291.83878740 -.00000278  00000-0  00000-0 0  9993
2 26985   0.1349  91.3443 0005479 304.9257 229.5200  1.00739928 26915
INTELSAT 904 (IS-904)   
1 27380U 02007A   19291.84559181 -.00000211  00000-0  00000-0 0  9997
2 27380   0.8854  95.6708 0002902 151.6650  54.6404  1.00270802 27360
INTELSAT 903 (IS-903)   
1 27403U 02016A   19291.84515561 -.00000221  00000-0  00000-0 0  9998
2 27403   1.7182  90.6096 0001733  79.1786 130.0443  1.00271301 21271
DIRECTV 5 (TEMPO 1)     
1 27426U 02023A   19291.86160704 -.00000053  00000-0  00000-0 0  9991
2 27426   0.0155 237.5929 0003394 339.0746  10.4693  1.00270908 63933
INTELSAT 905 (IS-905)   
1 27438U 02027A   19291.63116588 -.00000181  00000-0  00000+0 0  9995
2 27438   0.7050  96.7860 0002802  97.3430  35.4428  1.00270891 63566
GALAXY 3C (G-3C)        
1 27445U 02030A   19292.11959977 -.00000149  00000-0  00000+0 0  9992
2 27445   0.0241 283.1159 0001527  47.2284   4.9997  1.00270359 63556
INTELSAT 906 (IS-906)   
1 27513U 02041A   19291.83729818  .00000017  00000-0  00000+0 0  9990
2 27513   0.0159 179.3817 0002148  30.1737 183.0487  1.00271652 62572
INTELSAT 907 (IS-907)   
1 27683U 03007A   19291.84594073 -.00000200  00000-0  00000-0 0  9991
2 27683   0.0127 261.3611 0002758 320.6709  82.0724  1.00271520 61038
GALAXY 12 (G-12)        
1 27715U 03013B   19291.68211167  .00000061  00000-0  00000+0 0  9999
2 27715   0.9217  94.5584 0002522 130.3666 278.5356  1.00271669 60604
GALAXY 23 (G-23)        
1 27854U 03034A   19291.89906743  .00000015  00000-0  00000-0 0  9990
2 27854   0.0146 229.8640 0002981 341.4674  18.4484  1.00272320 59346
GALAXY 13 (HORIZONS 1)  
1 27954U 03044A   19291.86716132  .00000051  00000-0  00000-0 0  9990
2 27954   0.0322 117.2800 0001894  52.6366  42.3207  1.00269272 22185
DIRECTV 7S              
1 28238U 04016A   19291.86716132  .00000004  00000-0  00000-0 0  9994
2 28238   0.0114 195.5053 0003121  20.3417   4.3555  1.00271072 56668
INTELSAT 10-02          
1 28358U 04022A   19291.85126212 -.00000008  00000-0  00000-0 0  9992
2 28358   0.0093 227.0439 0002611 340.3122 125.1809  1.00272123 56254
XM-3 (RHYTHM)           
1 28626U 05008A   19291.54102257 -.00000203  00000-0  00000-0 0  9991
2 28626   0.0146  43.6965 0000311 211.5280 241.2187  1.00272199 18234
SPACEWAY 1              
1 28644U 05015A   19292.15369625  .00000106  00000-0  00000+0 0  9991
2 28644   0.5490  95.5957 0000235  96.4904 111.7217  1.00270549 53114
DIRECTV 8               
1 28659U 05019A   19291.83128510 -.00000114  00000-0  00000-0 0  9992
2 28659   0.0177 201.2492 0003034   4.9394  19.3721  1.00271482 52742
GALAXY 28 (G-28)        
1 28702U 05022A   19292.15174573 -.00000183  00000-0  00000+0 0  9996
2 28702   0.0135 252.4317 0000896 319.0767 141.4396  1.00268374 52422
GALAXY 14 (G-14)        
1 28790U 05030A   19291.86716132  .00000039  00000-0  00000-0 0  9992
2 28790   0.0598  67.9458 0002573 139.7161   6.5995  1.00271571 51918
GALAXY 15 (G-15)        
1 28884U 05041A   19291.87271581  .00000081  00000-0  00000-0 0  9990
2 28884   0.0133 238.1088 0001689 326.5368   3.6191  1.00274781 51350
SPACEWAY 2              
1 28903U 05046B   19292.16583403 -.00000125  00000-0  00000+0 0  9998
2 28903   0.0375  49.3686 0000351 221.6710  76.9842  1.00271973 51094
GALAXY 16 (G-16)        
1 29236U 06023A   19292.16583437 -.00000125  00000-0  00000+0 0  9991
2 29236   0.0334 101.8105 0002757 109.2709 137.0010  1.00271301 48873
DIRECTV 9S              
1 29494U 06043A   19291.61589958 -.00000111  00000-0  00000+0 0  9997
2 29494   0.0216 237.6030 0003354 341.3333 288.4319  1.00272166 47703
XM-4 (BLUES)            
1 29520U 06049A   19292.19582464 -.00000022  00000-0  00000+0 0  9993
2 29520   0.0140  49.8506 0000174 136.0856 156.7298  1.00271845 47601
GALAXY 17 (G-17)        
1 31307U 07016B   19291.83329153 -.00000172  00000-0  00000-0 0  9995
2 31307   0.0507  79.7074 0003396 124.3222  32.0084  1.00272439 45553
DIRECTV 10              
1 31862U 07032A   19292.16446597 -.00000102  00000-0  00000+0 0  9990
2 31862   0.0374  53.9733 0000616 215.3607  74.5119  1.00271723 45002
SPACEWAY 3              
1 32018U 07036A   19291.90430156 -.00000149  00000-0  00000-0 0  9995
2 32018   0.0203  48.3647 0000005 194.1454  15.2084  1.00271896 22172
INTELSAT 11 (IS-11)     
1 32253U 07044B   19292.12998084 -.00000267  00000-0  00000+0 0  9999
2 32253   0.0009 183.6701 0001462  33.9695 173.5273  1.00270695 44130
HORIZONS 2              
1 32388U 07063B   19291.86836036 -.00000180  00000-0  00000-0 0  9992
2 32388   0.0127 213.9850 0002567   0.1318 210.3922  1.00270404 43450
DIRECTV 11              
1 32729U 08013A   19291.56373123 -.00000124  00000-0  00000+0 0  9994
2 32729   0.0207  43.3890 0000203 198.2612 248.9106  1.00272068 42535
GALAXY 18 (G-18)        
1 32951U 08024A   19292.12597192  .00000027  00000-0  00000+0 0  9991
2 32951   0.0140 239.7300 0003038 326.2786 103.6669  1.00271499 41682
INTELSAT 25 (IS-25)     
1 33153U 08034A   19291.84515561 -.00000221  00000-0  00000-0 0  9993
2 33153   0.0168 236.2811 0002389 353.8144  69.7213  1.00272646 41332
GALAXY 19 (G-19)        
1 33376U 08045A   19291.83207022 -.00000137  00000-0  00000-0 0  9997
2 33376   0.0175 197.7194 0003222  20.1649  11.7107  1.00271504 40546
SIRIUS FM-5             
1 35493U 09034A   19291.85049432 -.00000198  00000-0  00000-0 0  9996
2 35493   0.0159 275.1044 0000114 134.3555 197.6403  1.00272698 22308
INTELSAT 14 (IS-14)     
1 36097U 09064A   19291.84245130 -.00000271  00000-0  00000-0 0  9994
2 36097   0.0121 249.3814 0002677 328.0355  67.9398  1.00272236 36307
INTELSAT 15 (IS-15)     
1 36106U 09067A   19292.08374582 -.00000184  00000-0  00000+0 0  9991
2 36106   0.0123 208.0469 0002451  15.0223 279.5386  1.00271894 36201
DIRECTV 12              
1 36131U 09075A   19291.61555066 -.00000100  00000-0  00000+0 0  9992
2 36131   0.0130 235.5921 0000426  21.5860 248.4255  1.00270220 35980
INTELSAT 16 (IS-16)     
1 36397U 10006A   19291.83625755 -.00000242  00000-0  00000-0 0  9997
2 36397   0.0148 191.0525 0002243  23.8260  37.0386  1.00271353 35465
XM-5                    
1 37185U 10053A   19291.90622076 -.00000203  00000-0  00000+0 0  9992
2 37185   0.0259 275.2099 0001792 139.1773 213.7652  1.00272155 33045
INTELSAT 17 (IS-17)     
1 37238U 10065B   19292.07999469  .00000000  00000-0  00000+0 0  9990
2 37238   0.0133 214.9208 0002448 345.3976 281.7547  1.00270495 32527
INTELSAT NEW DAWN       
1 37392U 11016A   19291.86122052  .00000158  00000-0  00000+0 0  9994
2 37392   0.0191 173.7978 0000664  71.0150 125.1231  1.00272631 31112
INTELSAT 18 (IS-18)     
1 37834U 11056A   19292.13710049  .00000054  00000-0  00000+0 0  9994
2 37834   0.0161 215.6615 0002186 357.0324  43.9801  1.00272026 29457
INTELSAT 22 (IS-22)     
1 38098U 12011A   19292.08121598 -.00000057  00000-0  00000+0 0  9992
2 38098   0.0096 227.5454 0002908 335.8039 285.2734  1.00272627 27652
INTELSAT 19 (IS-19)     
1 38356U 12030A   19291.91091078 -.00000054  00000-0  00000-0 0  9998
2 38356   0.0162 188.1803 0003018  26.2581 306.6233  1.00271973 26068
INTELSAT 20 (IS-20)     
1 38740U 12043A   19291.86513263 -.00000022  00000-0  00000+0 0  9992
2 38740   0.0125 178.2265 0003157   4.8983 223.8959  1.00270938 26434
INTELSAT 21 (IS-21)     
1 38749U 12045A   19291.83992146 -.00000282  00000-0  00000-0 0  9990
2 38749   0.0107 254.2507 0002257 318.0030  59.1730  1.00273173 26149
INTELSAT 23 (IS-23)     
1 38867U 12057A   19292.13943225 -.00000283  00000-0  00000+0 0  9992
2 38867   0.0195 268.4605 0002090 315.6084 160.4975  1.00271381 25718
SIRIUS FM-6             
1 39360U 13058A   19291.86160704 -.00000015  00000-0  00000-0 0  9999
2 39360   0.0159 264.2668 0000368 272.9181  43.9278  1.00271001 21760
INTELSAT 30 (IS-30)     
1 40271U 14062A   19291.83250640 -.00000148  00000-0  00000+0 0  9990
2 40271   0.0193 239.5616 0002635 197.7356 154.3956  1.00263534 18360
INTELSAT 34 (IS-34)     
1 40874U 15039A   19291.84035764 -.00000283  00000-0  00000-0 0  9994
2 40874   0.0195 241.9521 0000167 331.6648  60.4836  1.00272723 15275
INTELSAT 31 (IS-31)     
1 41581U 16035A   19291.54532573 -.00000148  00000-0  00000+0 0  9993
2 41581   0.0175 237.3393 0002065 348.4693 262.2207  1.00271092 12291
INTELSAT 36 (IS-36)     
1 41747U 16053A   19291.86513263 -.00000023  00000-0  00000-0 0  9990
2 41747   0.0148 306.4713 0002584  58.1911  42.3665  1.00271196 11562
INTELSAT 33E (IS-33E)   
1 41748U 16053B   19292.15056853  .00000050  00000-0  00000+0 0  9999
2 41748   0.0393  55.4733 0002453 161.4210 284.6716  1.00271454 11827
INTELSAT 32E (IS-32E)   
1 41945U 17007B   19292.12998084 -.00000267  00000-0  00000+0 0  9997
2 41945   0.0010 174.4353 0000437  82.0451 134.4854  1.00272032  9855
INTELSAT 35E (IS-35E)   
1 42818U 17041A   19291.84454497 -.00000235  00000-0  00000-0 0  9994
2 42818   0.0151 210.2241 0001907   5.1685  81.2119  1.00272537  8474
INTELSAT 37E (IS-37E)   
1 42950U 17059A   19292.13495330 -.00000139  00000-0  00000+0 0  9996
2 42950   0.0046 233.0390 0003119 340.8806 204.0139  1.00271281  7654
AZERSPACE 2 (IS-38)     
1 43632U 18074A   19291.86042189  .00000138  00000-0  00000-0 0  9990
2 43632   0.0179 221.9680 0001553   0.2181 159.7758  1.00269968  4109
HORIZONS 3E             
1 43633U 18074B   19291.81340174 -.00000028  00000-0  00000+0 0  9999
2 43633   0.0018 285.8088 0000637 335.3868 227.6976  1.00271245  3959
INTELSAT 39 (IS-39)     
1 44476U 19049B   19291.72023375  .00000035  00000-0  00000+0 0  9996
2 44476   0.0113 205.0067 0000539 105.4030  37.7557  1.00272343   772
