IRIDIUM 106             
1 41917U 17003A   19291.84863202  .00000092  00000-0  25871-4 0  9996
2 41917  86.4021  25.3594 0002033  82.2856 277.8571 14.34218889144433
IRIDIUM 103             
1 41918U 17003B   19291.83595455  .00000087  00000-0  24069-4 0  9990
2 41918  86.4020  25.2727 0002625  91.7769 268.3727 14.34220455144468
IRIDIUM 109             
1 41919U 17003C   19291.84231107  .00000089  00000-0  24582-4 0  9995
2 41919  86.4022  25.2892 0002277  92.7844 267.3612 14.34217447144427
IRIDIUM 102             
1 41920U 17003D   19291.67104208  .00000086  00000-0  23755-4 0  9997
2 41920  86.4019  25.3366 0002321  99.7732 260.3726 14.34217715144488
IRIDIUM 105             
1 41921U 17003E   19291.78165944  .00000078  00000-0  20764-4 0  9992
2 41921  86.4008 353.6839 0002334  62.1995 297.9437 14.34214492146350
IRIDIUM 104             
1 41922U 17003F   19291.82326917  .00000093  00000-0  26199-4 0  9992
2 41922  86.4021  25.2786 0002196  83.7801 276.3645 14.34216864144490
IRIDIUM 114             
1 41923U 17003G   19291.82960592  .00000097  00000-0  27693-4 0  9990
2 41923  86.4021  25.2662 0001874  97.7714 262.3694 14.34220572144494
IRIDIUM 108             
1 41924U 17003H   19291.78812863  .00000070  00000-0  17796-4 0  9997
2 41924  86.4002 353.7187 0001933  86.4392 273.7025 14.34218760146344
IRIDIUM 112             
1 41925U 17003J   19291.81692657  .00000089  00000-0  24640-4 0  9995
2 41925  86.4016  25.2288 0001983 107.2637 252.8776 14.34218761144500
IRIDIUM 111             
1 41926U 17003K   19291.59492645  .00000080  00000-0  21581-4 0  9998
2 41926  86.4022  25.3395 0002452  91.7244 268.4232 14.34215445144440
IRIDIUM 113             
1 42803U 17039A   19291.64467195  .00000082  00000-0  22140-4 0  9994
2 42803  86.3954 258.9407 0002622  81.4658 278.6835 14.34218127122381
IRIDIUM 123             
1 42804U 17039B   19291.61637447  .00000054  00000-0  12255-4 0  9996
2 42804  86.3921 290.5552 0002440  92.3241 267.8234 14.34218560121143
IRIDIUM 120             
1 42805U 17039C   19291.49877921  .00000085  00000-0  23348-4 0  9995
2 42805  86.3942 259.0995 0002649  79.1899 280.9595 14.34219826122357
IRIDIUM 115             
1 42806U 17039D   19291.46747977  .00000081  00000-0  17948-4 0  9995
2 42806  86.4483 258.8667 0003943 123.8333 236.3243 14.43281126123235
IRIDIUM 118             
1 42807U 17039E   19291.57833460  .00000059  00000-0  13988-4 0  9996
2 42807  86.3921 290.5792 0002312 100.6937 259.4519 14.34215871121139
IRIDIUM 117             
1 42808U 17039F   19292.15550924  .00000062  00000-0  14935-4 0  9990
2 42808  86.3921 290.3165 0002344  76.9380 283.2077 14.34216875121256
IRIDIUM 126             
1 42809U 17039G   19291.62272252  .00000055  00000-0  12655-4 0  9996
2 42809  86.3921 290.5529 0002332  88.6472 271.4991 14.34217546121151
IRIDIUM 124             
1 42810U 17039H   19291.88657607  .00000071  00000-0  15228-4 0  9994
2 42810  86.4533 227.2051 0002126  70.4452 289.6978 14.43284306124144
IRIDIUM 128             
1 42811U 17039J   19291.68323341  .00000073  00000-0  18822-4 0  9993
2 42811  86.3951 322.1087 0003150  86.8918 273.2638 14.34218892121188
IRIDIUM 121             
1 42812U 17039K   19291.57197477  .00000057  00000-0  13342-4 0  9995
2 42812  86.3921 290.5886 0002415  90.3250 269.8223 14.34221640121011
IRIDIUM 133             
1 42955U 17061A   19291.64517400  .00000073  00000-0  18826-4 0  9998
2 42955  86.3953 322.1856 0002726  90.9122 269.2386 14.34218269105976
IRIDIUM 100             
1 42956U 17061B   19291.70859618  .00000063  00000-0  15359-4 0  9993
2 42956  86.3950 322.1359 0002212  90.7168 269.4282 14.34216750106005
IRIDIUM 122             
1 42957U 17061C   19291.67689120  .00000069  00000-0  17482-4 0  9994
2 42957  86.3951 322.1446 0002957  86.9445 273.2090 14.34217141105986
IRIDIUM 129             
1 42958U 17061D   19291.70224708  .00000065  00000-0  16029-4 0  9998
2 42958  86.3952 322.1743 0002690  90.4140 269.7364 14.34219763106004
IRIDIUM 119             
1 42959U 17061E   19291.67054920  .00000071  00000-0  18398-4 0  9990
2 42959  86.3953 322.1713 0002681  93.2517 266.8985 14.34218527106017
IRIDIUM 107             
1 42960U 17061F   19291.68954494  .00000074  00000-0  19243-4 0  9991
2 42960  86.3953 322.1694 0002307  89.1193 271.0267 14.34220852106033
IRIDIUM 132             
1 42961U 17061G   19291.69591834  .00000074  00000-0  19469-4 0  9998
2 42961  86.3953 322.1595 0002340  83.2127 276.9335 14.34217701106021
IRIDIUM 136             
1 42962U 17061H   19291.65785617  .00000064  00000-0  15684-4 0  9993
2 42962  86.3953 322.1746 0002643  96.3079 263.8417 14.34218514106037
IRIDIUM 139             
1 42963U 17061J   19291.66421686  .00000066  00000-0  16590-4 0  9997
2 42963  86.3954 322.1947 0002407  89.4647 270.6824 14.34218671106047
IRIDIUM 125             
1 42964U 17061K   19291.65151091  .00000053  00000-0  11976-4 0  9996
2 42964  86.3956 322.2172 0002305  89.3556 270.7904 14.34216284106055
IRIDIUM 135             
1 43070U 17083A   19291.48609811  .00000074  00000-0  19235-4 0  9997
2 43070  86.3948 259.0044 0001720  86.5962 273.5431 14.34217312 95326
IRIDIUM 138             
1 43071U 17083B   19291.51148799  .00000082  00000-0  22065-4 0  9999
2 43071  86.3937 258.9241 0002414  86.8158 273.3314 14.34217196 95310
IRIDIUM 116             
1 43072U 17083C   19291.47974950  .00000077  00000-0  20565-4 0  9998
2 43072  86.3947 259.0217 0002098  96.7955 263.3479 14.34220027 95341
IRIDIUM 130             
1 43073U 17083D   19291.44805254  .00000083  00000-0  22479-4 0  9999
2 43073  86.3955 259.0708 0002315  90.2240 269.9221 14.34214818 95285
IRIDIUM 151             
1 43074U 17083E   19291.49242612  .00000079  00000-0  21305-4 0  9990
2 43074  86.3949 259.0180 0002178  98.1878 261.9565 14.34213580 95316
IRIDIUM 134             
1 43075U 17083F   19291.87934433  .00000080  00000-0  21498-4 0  9997
2 43075  86.3950 258.8297 0002214  78.0528 282.0916 14.34218390 95335
IRIDIUM 137             
1 43076U 17083G   19291.47341227  .00000085  00000-0  23373-4 0  9996
2 43076  86.3951 259.0484 0002243  99.6761 260.4689 14.34219048 95347
IRIDIUM 141             
1 43077U 17083H   19291.46706967  .00000078  00000-0  20837-4 0  9996
2 43077  86.3947 259.0148 0002432  92.5938 267.5536 14.34216065 95343
IRIDIUM 153             
1 43078U 17083J   19291.41925352  .00000086  00000-0  23647-4 0  9994
2 43078  86.4008 227.4572 0003286  86.6665 273.4906 14.34218599 96445
IRIDIUM 131             
1 43079U 17083K   19291.52415040  .00000084  00000-0  22821-4 0  9996
2 43079  86.3952 259.0142 0002416  86.3220 273.8252 14.34219626 95286
IRIDIUM 144             
1 43249U 18030A   19291.84420216  .00000082  00000-0  22324-4 0  9990
2 43249  86.4006 227.2805 0002035  73.0643 287.0776 14.34216283 81388
IRIDIUM 149             
1 43250U 18030B   19291.85055056  .00000069  00000-0  17646-4 0  9995
2 43250  86.4005 227.2708 0001807  72.2605 287.8788 14.34213412 81388
IRIDIUM 157             
1 43251U 18030C   19291.86958250  .00000081  00000-0  21868-4 0  9990
2 43251  86.4007 227.2617 0002445  94.1392 266.0083 14.34217031 81361
IRIDIUM 140             
1 43252U 18030D   19291.88861725  .00000078  00000-0  20791-4 0  9993
2 43252  86.4007 227.2677 0002048  50.6897 309.4480 14.34217710 81428
IRIDIUM 145             
1 43253U 18030E   19291.45728545  .00000091  00000-0  25385-4 0  9998
2 43253  86.4006 227.4299 0000771  59.0366 301.0905 14.34214596 81299
IRIDIUM 146             
1 43254U 18030F   19291.85688810  .00000071  00000-0  18388-4 0  9996
2 43254  86.4007 227.2806 0001730  85.1688 274.9706 14.34216513 81362
IRIDIUM 148             
1 43255U 18030G   19291.68564412  .00000082  00000-0  22397-4 0  9996
2 43255  86.4007 227.3602 0002051  92.2090 267.9341 14.34217009 81370
IRIDIUM 142             
1 43256U 18030H   19291.86323216  .00000076  00000-0  19996-4 0  9996
2 43256  86.4005 227.2653 0002069  84.1731 275.9700 14.34217205 81360
IRIDIUM 150             
1 43257U 18030J   19291.90129342  .00000080  00000-0  21511-4 0  9997
2 43257  86.4007 227.2872 0002105  79.1296 281.0136 14.34218178 81391
IRIDIUM 143             
1 43258U 18030K   19291.88225567  .00000078  00000-0  20633-4 0  9992
2 43258  86.4011 227.2868 0001432  74.5823 285.5531 14.34216473 81326
IRIDIUM 161             
1 43478U 18047C   19291.86452750  .00000088  00000-0  20112-4 0  9991
2 43478  86.4541  25.3881 0002530  91.5936 268.5555 14.43277367 74164
IRIDIUM 152             
1 43479U 18047D   19291.85499201  .00000089  00000-0  24696-4 0  9995
2 43479  86.4016  25.2685 0001950 102.7637 257.3777 14.34218922 73726
IRIDIUM 147             
1 43480U 18047E   19291.65201075  .00000079  00000-0  21252-4 0  9999
2 43480  86.4015  25.3163 0002338  98.3428 261.8033 14.34216135 73682
IRIDIUM 110             
1 43481U 18047F   19291.86767155  .00000095  00000-0  26806-4 0  9997
2 43481  86.4019  25.2535 0002171  85.4602 274.6842 14.34220043 73701
IRIDIUM 162             
1 43482U 18047G   19291.58093120  .00000092  00000-0  21277-4 0  9995
2 43482  86.4540  25.4313 0002434  86.6464 273.5016 14.43281495 74113
IRIDIUM 160             
1 43569U 18061A   19291.74374059  .00000061  00000-0  14817-4 0  9996
2 43569  86.4004 353.6946 0002259 101.9288 258.2161 14.34216245 64584
IRIDIUM 166             
1 43570U 18061B   19291.76909766  .00000073  00000-0  19148-4 0  9994
2 43570  86.4003 353.6681 0002028  88.7643 271.3786 14.34218929 64616
IRIDIUM 158             
1 43571U 18061C   19291.73737618  .00000026  00000-0  23533-5 0  9999
2 43571  86.4003 353.6888 0001854  98.7810 261.3596 14.34215125 64577
IRIDIUM 165             
1 43572U 18061D   19291.76276168  .00000069  00000-0  17677-4 0  9999
2 43572  86.4004 353.6798 0001920  96.9896 263.1518 14.34216665 64605
IRIDIUM 155             
1 43573U 18061E   19291.79447226  .00000067  00000-0  16824-4 0  9999
2 43573  86.4000 353.6515 0002558  79.9706 280.1778 14.34218579 64577
IRIDIUM 154             
1 43574U 18061F   19291.77543366  .00000069  00000-0  17598-4 0  9991
2 43574  86.4004 353.6779 0002294 102.8521 257.2931 14.34220246 64628
IRIDIUM 163             
1 43575U 18061G   19291.75642614  .00000073  00000-0  18965-4 0  9990
2 43575  86.4002 353.6749 0001511  99.5300 260.6067 14.34216760 64592
IRIDIUM 156             
1 43576U 18061H   19291.73104055  .00000077  00000-0  20315-4 0  9997
2 43576  86.4002 353.6900 0001939  85.3849 274.7568 14.34216912 64587
IRIDIUM 164             
1 43577U 18061J   19291.78178296  .00000082  00000-0  22251-4 0  9998
2 43577  86.4003 353.6722 0002139 100.7491 259.3946 14.34219830 64636
IRIDIUM 159             
1 43578U 18061K   19291.68031702  .00000067  00000-0  17010-4 0  9998
2 43578  86.4001 353.7025 0002233  99.5393 260.6055 14.34218970 64587
IRIDIUM 180             
1 43922U 19002A   19291.61004493  .00000059  00000-0  14078-4 0  9999
2 43922  86.3921 290.5385 0002155 124.8369 235.3030 14.34216759 40180
IRIDIUM 176             
1 43923U 19002B   19292.11899374  .00000074  00000-0  77762-5 0  9993
2 43923  86.6055 290.3437 0002163  91.4553 268.6912 14.72249628 41273
IRIDIUM 168             
1 43924U 19002C   19291.88276862  .00000053  00000-0  11990-4 0  9995
2 43924  86.3923 290.4326 0002277  99.3919 260.7534 14.34219571 40209
IRIDIUM 173             
1 43925U 19002D   19292.14915629  .00000052  00000-0  11681-4 0  9993
2 43925  86.3920 290.3089 0002193  95.8166 264.3279 14.34218302 40234
IRIDIUM 169             
1 43926U 19002E   19291.07857332  .00000074  00000-0  17910-4 0  9996
2 43926  87.2803 319.9789 0004131  63.0121 297.1499 14.38643164 40276
IRIDIUM 172             
1 43927U 19002F   19292.14280529  .00000060  00000-0  14287-4 0  9993
2 43927  86.3920 290.3119 0002162 100.8657 259.2782 14.34219138 40238
IRIDIUM 175             
1 43928U 19002G   19292.11279446  .00000073  00000-0  77256-5 0  9997
2 43928  86.6040 290.2859 0003030  72.9486 287.2063 14.72250550 41261
IRIDIUM 171             
1 43929U 19002H   19291.56562946  .00000053  00000-0  11975-4 0  9999
2 43929  86.3929 290.5894 0002277  98.3494 261.7960 14.34219865 40141
IRIDIUM 170             
1 43930U 19002J   19292.12517859  .00000081  00000-0  89565-5 0  9999
2 43930  86.6056 290.3486 0002240  82.4215 277.7257 14.72252866 41289
IRIDIUM 167             
1 43931U 19002K   19291.55928722  .00000011  00000-0 -32341-5 0  9995
2 43931  86.3921 290.5572 0002247 119.8170 240.3249 14.34226808 40144
