ASTRA 1D                
1 23331U 94070A   19291.27816801 -.00000261  00000-0  00000-0 0  9997
2 23331   8.7743  43.6408 0003474 166.5502 203.4383  1.00270469 91889
ASTRA 1F                
1 23842U 96021A   19291.86024743  .00000141  00000-0  00000-0 0  9999
2 23842   0.0666  67.1630 0004739 139.0204 174.8929  1.00271113 27931
AMC-1 (GE-1)            
1 24315U 96054A   19290.29418866  .00000072  00000-0  00000+0 0  9992
2 24315   3.3865  80.3080 0002929 121.6815 158.5617  1.00273838 84600
AMC-2 (GE-2)            
1 24713U 97002A   19291.90630799 -.00000208  00000-0  00000-0 0  9991
2 24713   5.9111  61.6121 0005143 154.5713  52.3531  1.00270687 83182
AMC-3 (GE-3)            
1 24936U 97050A   19292.12422328 -.00000257  00000-0  00000+0 0  9996
2 24936   2.2406  87.4669 0003051 135.8527 136.7433  1.00271324 81051
NSS-5                   
1 24957U 97053A   19291.86155597  .00000110  00000-0  00000-0 0  9991
2 24957   5.4847  65.0307 0004075 144.8069 177.8961  1.00272998 80775
ASTRA 1G                
1 25071U 97076A   19291.86408580  .00000022  00000-0  00000-0 0  9999
2 25071   4.0918  74.5399 0003789 136.2835 190.5757  1.00273861 80157
ASTRA 2A                
1 25462U 98050A   19292.06021556 -.00000302  00000-0  00000+0 0  9994
2 25462   1.0529  95.7303 0002611 108.7525 304.4945  1.00269585 77349
ASTRA 1H                
1 25785U 99033A   19290.40004659 -.00000098  00000-0  00000+0 0  9997
2 25785   5.5029  65.1899 0005873 146.4048 239.5907  0.99197639 74377
AMC-4 (GE-4)            
1 25954U 99060A   19291.68097760  .00000090  00000-0  00000+0 0  9992
2 25954   0.0112 211.7749 0002674 355.4192 289.9184  1.00269715 73080
ASTRA 2B                
1 26494U 00054A   19291.90136024  .00000122  00000-0  00000-0 0  9996
2 26494   3.9884  75.1788 0005077 128.5798 167.4386  1.00270277 22481
AMC-7 (GE-7)            
1 26495U 00054B   19292.16079797  .00000090  00000-0  00000+0 0  9992
2 26495   0.7514  94.6659 0002986 117.9135  97.6777  1.00272973 69858
NSS-11 (AAP-1)          
1 26554U 00059A   19292.10171641  .00000027  00000-0  00000+0 0  9998
2 26554   0.0593  81.0153 0002896 149.6053   9.3160  1.00272011 69774
AMC-6 (GE-6)            
1 26580U 00067A   19291.90665694 -.00000214  00000-0  00000-0 0  9999
2 26580   0.0469  69.2782 0002587 137.0502  64.2055  1.00272387 69575
ASTRA 2D                
1 26638U 00081A   19291.63709792  .00000034  00000-0  00000-0 0  9996
2 26638   5.3066  65.9477 0001613 143.2571  52.1452  1.00271184 28507
AMC-8 (GE-8)            
1 26639U 00081B   19292.15375017  .00000106  00000-0  00000+0 0  9993
2 26639   0.0911  92.4990 0002569 134.9432  76.2561  1.00272001 68879
ASTRA 2C                
1 26853U 01025A   19291.84840986  .00000140  00000-0  00000-0 0  9996
2 26853   2.2655  87.2177 0003137 114.1453 154.8102  1.00271643 20659
ASTRA 3A                
1 27400U 02015B   19291.84201512 -.00000277  00000-0  00000-0 0  9993
2 27400   5.4419  64.6846 0003125 147.9479  70.5623  1.00271613 64323
NSS-7                   
1 27414U 02019A   19291.84742375 -.00000153  00000-0  00000-0 0  9992
2 27414   3.6990  78.2431 0002420 134.9867  98.9027  1.00271470 64162
NSS-6                   
1 27603U 02057A   19291.90595905 -.00000195  00000-0  00000-0 0  9992
2 27603   0.0675 276.4387 0006389 297.1303  52.9202  1.00272439 61696
AMC-11 (GE-11)          
1 28252U 04017A   19292.16806038  .00000071  00000-0  00000+0 0  9993
2 28252   0.0479  65.7175 0002807 145.4706 105.6973  1.00270767 56301
AMC-15                  
1 28446U 04041A   19291.61511447 -.00000086  00000-0  00000+0 0  9998
2 28446   0.0512  65.4139 0002916 155.8334 281.9786  1.00272766 54965
AMC-16                  
1 28472U 04048A   19291.90630799 -.00000204  00000-0  00000+0 0  9990
2 28472   0.0560  77.8142 0002922 137.8007  52.7857  1.00271387 54413
NSS-10 (AMC-12)         
1 28526U 05003A   19291.84402154 -.00000248  00000-0  00000-0 0  9996
2 28526   0.4536  96.0766 0002829 115.8734  81.5117  1.00270814 28755
ASTRA 1KR               
1 29055U 06012A   19291.94371716  .00000122  00000-0  00000-0 0  9995
2 29055   0.0413 261.8836 0005433 321.6239 162.5974  1.00273648 21330
AMC-18                  
1 29644U 06054B   19291.88313340  .00000107  00000-0  00000-0 0  9990
2 29644   0.0130 207.6215 0001127 338.5668  19.8058  1.00268948 47183
ASTRA 1L                
1 31306U 07016A   19291.94659493  .00000122  00000-0  00000-0 0  9993
2 31306   0.0552 300.7062 0004197 313.1212 133.3144  1.00273266 20647
ASTRA 4A (SIRIUS 4)     
1 32299U 07057A   19292.06778164  .00000034  00000-0  00000+0 0  9992
2 32299   0.0356  58.5364 0003016 150.9999 206.9689  1.00270934 43568
AMC-21                  
1 33275U 08038B   19291.86716132  .00000038  00000-0  00000+0 0  9995
2 33275   0.0130  63.8027 0002948 160.7183 349.8560  1.00273147 41062
ASTRA 1M                
1 33436U 08057A   19291.94371626  .00000122  00000-0  00000-0 0  9994
2 33436   0.0546 106.4034 0004645  69.6908 209.9839  1.00272887 21335
CIEL-2                  
1 33453U 08063A   19291.86716132  .00000060  00000-0  00000-0 0  9997
2 33453   0.0161 154.3103 0003101  54.6901   1.4161  1.00271288 39751
NSS-9                   
1 33749U 09008A   19291.81619330  .00000074  00000-0  00000+0 0  9996
2 33749   0.0107 109.3719 0002213 104.1007 290.4691  1.00271300 39161
SES-7 (PROTOSTAR 2)     
1 34941U 09027A   19291.93048538 -.00000343  00000-0  00000-0 0  9992
2 34941   0.0900  94.5278 0001867 145.3954 230.4600  1.00271331 38240
NSS-12                  
1 36032U 09058A   19291.79106933  .00000074  00000-0  00000+0 0  9996
2 36032   0.0178 311.2474 0002894 265.8870 151.6617  1.00270937 36536
SES-1                   
1 36516U 10016A   19291.61598684 -.00000112  00000-0  00000-0 0  9993
2 36516   0.0396  69.2504 0002605 146.5366 291.8144  1.00273965 34640
ASTRA 3B                
1 36581U 10021A   19291.84840986  .00000139  00000-0  00000+0 0  9998
2 36581   0.0428 322.5132 0003088 241.8210 151.6465  1.00271150 34253
SES-3                   
1 37748U 11035A   19291.61555066 -.00000100  00000-0  00000+0 0  9996
2 37748   0.0381  55.2512 0002163 166.4954 283.7028  1.00272437 30290
ASTRA 1N                
1 37775U 11041A   19291.94371716  .00000122  00000-0  00000-0 0  9991
2 37775   0.0583  50.6485 0000783  96.0108 239.4401  1.00273158 20122
SES-2                   
1 37809U 11049A   19291.90587182 -.00000194  00000-0  00000-0 0  9999
2 37809   0.0311  74.7123 0002630 138.2777  53.2476  1.00271889 29615
QUETZSAT 1              
1 37826U 11054A   19292.12326368 -.00000240  00000-0  00000+0 0  9997
2 37826   0.0089 294.8631 0002763 278.8725 140.9826  1.00272674 29702
SES-4                   
1 38087U 12007A   19291.84707480 -.00000166  00000-0  00000-0 0  9990
2 38087   0.0182 293.7484 0002306 294.9917  81.2618  1.00271977 27850
SES-5                   
1 38652U 12036A   19291.88969322  .00000036  00000-0  00000-0 0  9994
2 38652   0.0565  96.7350 0002085 109.3265 146.3130  1.00270796 20106
ASTRA 2F                
1 38778U 12051A   19291.85710692  .00000152  00000-0  00000-0 0  9990
2 38778   0.0565 225.6236 0004538 355.3676 142.8325  1.00271463 16761
SES-6                   
1 39172U 13026A   19291.84341089 -.00000259  00000-0  00000-0 0  9990
2 39172   0.0274 309.0473 0002173 266.3147  74.8321  1.00271799 23326
O3B FM5                 
1 39188U 13031A   19291.18610420 -.00000017  00000-0  00000-0 0  9990
2 39188   0.0570 355.2578 0002804 223.4757 141.2542  5.00115942115342
O3B FM4                 
1 39189U 13031B   19291.69934188 -.00000017  00000-0  00000-0 0  9997
2 39189   0.0351  18.1321 0000169  74.3781 267.4995  5.00679636115408
O3B FM2                 
1 39190U 13031C   19291.70380903 -.00000017  00000-0  00000-0 0  9991
2 39190   0.0309  23.7064 0004738 100.5779 235.7684  5.00115745115379
O3B PFM                 
1 39191U 13031D   19291.75691716 -.00000017  00000-0  00000-0 0  9994
2 39191   0.0500   1.5750 0002167 207.9999 150.4207  5.00115095115292
ASTRA 2E                
1 39285U 13056A   19291.84840986  .00000153  00000-0  00000+0 0  9999
2 39285   0.0602   2.9289 0002702 194.2648 163.8109  1.00274906 22193
SES-8                   
1 39460U 13071A   19291.87036679 -.00000268  00000-0  00000-0 0  9999
2 39460   0.0097 214.2237 0001750 311.3121 269.8846  1.00271588 20104
ASTRA 5B                
1 39617U 14011B   19292.14489819  .00000156  00000-0  00000+0 0  9991
2 39617   0.0632 300.7811 0003673 271.8968 258.3540  1.00272734 20475
O3B FM3                 
1 40079U 14038A   19291.83823288 -.00000017  00000-0  00000-0 0  9999
2 40079   0.0398   8.3005 0004382 224.7753 126.8919  5.00115838 91473
O3B FM7                 
1 40080U 14038B   19290.78551241 -.00000017  00000-0  00000+0 0  9990
2 40080   0.0354   7.0987 0001772 153.2871 199.6289  5.00116287 96358
O3B FM6                 
1 40081U 14038C   19291.81090961 -.00000017  00000-0  00000-0 0  9994
2 40081   0.0397   9.8418 0002620 198.3716 151.7802  5.00115071 96244
O3B FM8                 
1 40082U 14038D   19291.66434046 -.00000017  00000-0  00000-0 0  9994
2 40082   0.0383  14.1503 0002681 192.0924 153.7516  5.00115119 96341
O3B FM10                
1 40348U 14083A   19291.69096548 -.00000017  00000-0  00000-0 0  9993
2 40348   0.0486   7.3418 0002634 200.3730 152.2790  5.00115302 88315
O3B FM11                
1 40349U 14083B   19291.70441010 -.00000017  00000-0  00000-0 0  9994
2 40349   0.0468   2.1698 0001899 202.8124 155.0164  5.00115876 88317
O3B FM12                
1 40350U 14083C   19291.57188276 -.00000017  00000-0  00000-0 0  9993
2 40350   0.0462   3.2361 0002478 199.2804 157.4805  5.00115548 88314
O3B FM9                 
1 40351U 14083D   19291.55774801 -.00000017  00000-0  00000-0 0  9997
2 40351   0.0467   0.6196 0002568 206.8852 152.4895  5.00115209 88324
ASTRA 2G                
1 40364U 14089A   19291.85710692  .00000152  00000-0  00000-0 0  9997
2 40364   0.0405  44.5933 0001180  64.3602 254.9065  1.00274478 17560
SES-9                   
1 41380U 16013A   19292.06021556 -.00000343  00000-0  00000+0 0  9995
2 41380   0.0238 262.5863 0001075 249.1468   5.5251  1.00271616 13354
SES-10                  
1 42432U 17017A   19291.83808950 -.00000270  00000-0  00000-0 0  9994
2 42432   0.0123 244.6740 0002786 335.4342  41.7318  1.00270427  9351
SES-15                  
1 42709U 17026A   19292.16933946  .00000061  00000-0  00000+0 0  9998
2 42709   0.0152 262.9335 0001008 308.9422 107.3336  1.00271891  9785
SES-11 (ECHOSTAR 105)   
1 42967U 17063A   19292.21698906 -.00000088  00000-0  00000+0 0  9995
2 42967   0.0117 163.3858 0003090  55.1833 142.0265  1.00270789  7416
SES-14                  
1 43175U 18012B   19291.84201512 -.00000276  00000-0  00000-0 0  9993
2 43175   0.0136 264.2889 0001238 310.6028  67.7983  1.00271458  6672
O3B FM15                
1 43231U 18024A   19291.82426482 -.00000017  00000-0  00000-0 0  9995
2 43231   0.0505  10.6808 0002717 200.1342 149.1769  5.00115074 29435
O3B FM16                
1 43232U 18024B   19291.67770128 -.00000017  00000-0  00000-0 0  9998
2 43232   0.0537  13.5346 0002677 196.4420 150.0159  5.00115137 29433
O3B FM14                
1 43233U 18024C   19290.71895799 -.00000017  00000-0  00000-0 0  9995
2 43233   0.0544  14.9770 0002562 191.2593 153.7586  5.00116399 29373
O3B FM13                
1 43234U 18024D   19291.33200067 -.00000017  00000-0  00000-0 0  9993
2 43234   0.0479 336.2185 0003215 258.5644 125.1949  5.00115844 29405
SES-12                  
1 43488U 18049A   19292.08575226 -.00000268  00000-0  00000+0 0  9993
2 43488   0.0466  61.2042 0002837 191.1131 260.8628  1.00272134  5037
O3B FM20                
1 44112U 19020A   19291.74456749 -.00000017  00000-0  00000-0 0  9991
2 44112   0.0481   7.9479 0002410 206.3953 145.6491  5.00116988  9915
O3B FM19                
1 44113U 19020B   19290.93221860 -.00000017  00000-0  00000-0 0  9996
2 44113   0.0580 346.1273 0002256 287.8034  86.0514  5.00115966  9861
O3B FM17                
1 44114U 19020C   19290.05258751 -.00000017  00000-0  00000-0 0  9999
2 44114   0.0484   9.2101 0002692 200.4004 150.3820  5.00116414  9824
O3B FM18                
1 44115U 19020D   19291.59821938 -.00000017  00000-0  00000-0 0  9993
2 44115   0.0483   7.5108 0002819 200.9490 151.5326  5.00115966  9901
