STARLINK-31             
1 44235U 19029A   19292.14932585  .00001330  00000-0  11070-3 0  9998
2 44235  53.0033 227.7716 0002066  91.1865 268.9359 15.05494292 23581
STARLINK-22             
1 44236U 19029B   19291.39058277  .00001044  00000-0  94419-4 0  9993
2 44236  52.9980 231.7685 0000833 315.0011  45.0909 15.04000985 23454
STARLINK-23             
1 44237U 19029C   19292.15596704  .00001196  00000-0  10143-3 0  9990
2 44237  52.9999 227.5849 0000856  78.0989 282.0095 15.05505357 22468
STARLINK-24             
1 44238U 19029D   19291.33609348  .00000564  00000-0  57966-4 0  9992
2 44238  52.9981 230.5782 0001526  92.6812 267.4350 15.05517431 20726
STARLINK-25             
1 44239U 19029E   19291.34273899  .00000874  00000-0  79299-4 0  9999
2 44239  53.0087 231.5877 0002933  76.3747 283.7567 15.05507289 22263
STARLINK-26             
1 44240U 19029F   19292.15152198  .00003317  00000-0  24710-3 0  9991
2 44240  53.0049 225.9538 0001916  97.3076 262.8130 15.05523037 22478
STARLINK-27             
1 44241U 19029G   19292.14602705  .00001257  00000-0  10561-3 0  9995
2 44241  53.0058 227.8779 0001237  76.0177 284.0949 15.05502443 22460
STARLINK-28             
1 44242U 19029H   19291.33165747  .00001191  00000-0  10106-3 0  9998
2 44242  52.9987 230.6582 0000786  39.5231 320.5814 15.05507996 21540
STARLINK-29             
1 44243U 19029J   19291.20518498  .00001134  00000-0  37023-4 0  9995
2 44243  53.0025 197.6108 0007399  22.9536 337.1796 15.40865527 22789
STARLINK-30             
1 44244U 19029K   19292.10064534  .00001226  00000-0  10347-3 0  9994
2 44244  53.0018 227.6849 0001176  93.1915 266.9207 15.05505130 22425
STARLINK-21             
1 44245U 19029L   19291.35380068  .00001262  00000-0  10597-3 0  9991
2 44245  52.9988 231.2656 0002329  88.6937 271.4318 15.05504832 21545
STARLINK-46             
1 44246U 19029M   19291.80128915  .00005986  00000-0  68058-4 0  9996
2 44246  52.9992 176.8711 0027500  11.4686 348.6948 15.63560168 22882
STARLINK-33             
1 44247U 19029N   19291.30511168  .00000777  00000-0  72636-4 0  9998
2 44247  53.0022 231.2268 0002182  98.7035 261.4200 15.05498886 22355
STARLINK-34             
1 44248U 19029P   19291.33745909  .00001267  00000-0  10642-3 0  9997
2 44248  52.9984 230.5093 0001795  10.9888 349.1138 15.05468095 22285
STARLINK-61             
1 44249U 19029Q   19292.15731586  .00000211  00000-0  29759-4 0  9993
2 44249  53.0014 222.5524 0000924 322.1946  37.8980 15.11201120 22544
STARLINK-36             
1 44250U 19029R   19292.16041038  .00001209  00000-0  10233-3 0  9996
2 44250  53.0011 227.5154 0001555  97.4669 262.6496 15.05501121 22426
STARLINK-37             
1 44251U 19029S   19291.33500049  .00000375  00000-0  45080-4 0  9999
2 44251  52.9835 230.4019 0003119 144.3475 215.7721 15.05480179 22279
STARLINK-71             
1 44252U 19029T   19292.14050389  .00001278  00000-0  10709-3 0  9999
2 44252  53.0007 226.7653 0001093  95.1222 264.9890 15.05499562 22399
STARLINK-39             
1 44253U 19029U   19291.35161257  .00001244  00000-0  10477-3 0  9994
2 44253  53.0056 231.4097 0001922  74.0307 286.0892 15.05502547 22328
STARLINK-32             
1 44254U 19029V   19291.36044141  .00000041  00000-0  22040-4 0  9992
2 44254  52.9995 231.1498 0002053  92.1094 268.0129 15.05473162 21569
STARLINK-66             
1 44255U 19029W   19292.11280694  .00001302  00000-0  10867-3 0  9996
2 44255  53.0031 227.4609 0001568  82.3274 277.7892 15.05515479 22402
STARLINK-42             
1 44256U 19029X   19291.35469781 -.00000191  00000-0  60519-5 0  9995
2 44256  52.9989 230.7460 0001847  60.7802 299.3371 15.05591463 21400
STARLINK-43             
1 44257U 19029Y   19292.14198918  .00008338  00000-0  30955-3 0  9994
2 44257  53.0002 206.9640 0001752  72.3271 287.7918 15.28423783 22748
STARLINK-40             
1 44258U 19029Z   19292.15820847  .00001234  00000-0  10402-3 0  9992
2 44258  53.0006 227.5565 0001015  62.3394 297.7697 15.05499342 22446
STARLINK-52             
1 44259U 19029AA  19291.83884286  .00001209  00000-0  39099-4 0  9990
2 44259  53.0026 195.8810 0001555  97.6065 262.5115 15.40545483 21816
STARLINK-45             
1 44260U 19029AB  19291.35602363  .00001096  00000-0  94515-4 0  9991
2 44260  53.0105 229.8332 0000832  17.6280 342.4737 15.05500441 22401
STARLINK-44             
1 44261U 19029AC  19291.36265477  .00001216  00000-0  10287-3 0  9991
2 44261  53.0005 231.1063 0001610  79.6068 280.5101 15.05474664 22342
STARLINK-49             
1 44262U 19029AD  19291.34828178  .00001138  00000-0  97488-4 0  9995
2 44262  53.0055 231.4714 0001592  88.5816 271.5354 15.05485774 21548
STARLINK-72             
1 44263U 19029AE  19291.32609644  .00000823  00000-0  75808-4 0  9991
2 44263  53.0022 231.3176 0001285  86.8161 273.2974 15.05491174 22322
STARLINK-35             
1 44264U 19029AF  19291.30177491  .00001192  00000-0  10114-3 0  9998
2 44264  53.0016 231.3100 0001342  65.7773 294.3355 15.05509467 21390
STARLINK-63             
1 44265U 19029AG  19292.18695540  .00001260  00000-0  10583-3 0  9992
2 44265  53.0008 226.9694 0000927  70.2213 289.8875 15.05501345 22482
STARLINK-54             
1 44266U 19029AH  19292.13052581  .00001307  00000-0  10913-3 0  9999
2 44266  52.9954 227.0005 0002116 106.8069 253.3151 15.05485351 22409
STARLINK-69             
1 44267U 19029AJ  19291.44872576  .00000018  00000-0  20433-4 0  9994
2 44267  53.0002 230.1934 0002519  57.0974 303.0256 15.05594486 22343
STARLINK-55             
1 44268U 19029AK  19292.13385421  .00001304  00000-0  10886-3 0  9999
2 44268  52.9984 227.3161 0001707  91.8664 268.2519 15.05495269 22412
STARLINK-57             
1 44269U 19029AL  19291.32946481  .00001851  00000-0  14657-3 0  9996
2 44269  52.9980 230.8034 0001997  93.5457 266.5759 15.05486569 22361
STARLINK-58             
1 44270U 19029AM  19291.32311343  .00000066  00000-0  23691-4 0  9997
2 44270  52.9998 230.8021 0001802  62.1735 297.9435 15.05572589 22350
STARLINK-59             
1 44271U 19029AN  19292.12497810  .00001280  00000-0  10720-3 0  9998
2 44271  52.9994 227.1804 0001302  72.2151 287.8979 15.05502022 22473
STARLINK-51             
1 44272U 19029AP  19291.36930722  .00001209  00000-0  10237-3 0  9992
2 44272  52.9999 230.9678 0001734 103.9680 256.1500 15.05485814 22320
STARLINK-60             
1 44273U 19029AQ  19291.89781344  .00007779  00000-0  16328-3 0  9990
2 44273  53.0000 191.2242 0006837  31.4613 328.6800 15.46384261 22936
STARLINK-62             
1 44274U 19029AR  19292.11947437  .00001269  00000-0  10648-3 0  9991
2 44274  53.0014 226.7768 0001251  65.4848 294.6270 15.05492550 22446
STARLINK-64             
1 44275U 19029AS  19291.38548827  .00000343  00000-0  42267-4 0  9995
2 44275  53.0011 230.5713 0001762 319.4778  40.6079 15.06027921 22328
STARLINK-65             
1 44276U 19029AT  19291.31173702  .00001137  00000-0  97411-4 0  9998
2 44276  53.0029 231.1201 0001003  65.3090 294.8003 15.05478462 22339
STARLINK-41             
1 44277U 19029AU  19290.32085271  .00000216  00000-0  34023-4 0  9999
2 44277  53.0024 235.4737 0001333  71.2071 288.9062 15.05553729 22189
STARLINK-67             
1 44278U 19029AV  19291.16204822  .00025392  00000-0  11618-3 0  9994
2 44278  52.9953 168.9709 0027385  71.1201 289.2786 15.83036059 23150
STARLINK-68             
1 44279U 19029AW  19292.11725862  .00001275  00000-0  10686-3 0  9991
2 44279  53.0015 226.7323 0001353  93.7628 266.3515 15.05494205 22427
STARLINK-38             
1 44280U 19029AX  19292.10727567  .00001211  00000-0  10247-3 0  9999
2 44280  53.0027 227.5175 0001949  74.1203 285.9999 15.05509618 22461
STARLINK-70             
1 44281U 19029AY  19292.11615147  .00001233  00000-0  10400-3 0  9996
2 44281  53.0015 227.3671 0001658  86.1036 274.0141 15.05493685 22400
STARLINK-80             
1 44282U 19029AZ  19292.15594178  .00003178  00000-0  14618-3 0  9996
2 44282  53.0221 212.2984 0001610 139.1497 220.9620 15.23276990 22655
STARLINK-56             
1 44283U 19029BA  19292.10508581  .00001225  00000-0  10338-3 0  9991
2 44283  53.0028 227.6107 0000860  56.4548 303.6522 15.05505101 22460
STARLINK-73             
1 44284U 19029BB  19292.10617210  .00001290  00000-0  10785-3 0  9990
2 44284  53.0027 227.5823 0001748  83.6367 276.4820 15.05519309 22442
STARLINK-50             
1 44285U 19029BC  19292.10285666  .00001162  00000-0  99133-4 0  9990
2 44285  53.0009 227.6272 0002090 103.2696 256.8525 15.05493938 23519
STARLINK-75             
1 44286U 19029BD  19292.15683697  .00000119  00000-0  26021-4 0  9999
2 44286  53.0026 225.7091 0002714  68.0485 292.0793 15.08140061 23545
STARLINK-76             
1 44287U 19029BE  19291.35823279  .00001742  00000-0  13910-3 0  9998
2 44287  52.9987 231.1917 0001894  95.9352 264.1851 15.05476603 23397
STARLINK-79             
1 44288U 19029BF  19291.34492352  .00001214  00000-0  10268-3 0  9999
2 44288  53.0062 231.5470 0001445  88.3671 271.7482 15.05504391 21538
STARLINK-48             
1 44289U 19029BG  19291.90099103 -.00000780  00000-0 -21408-4 0  9997
2 44289  53.0021 216.1331 0001473 109.5360 250.5793 15.19452655 21799
STARLINK-78             
1 44290U 19029BH  19291.34603698  .00001139  00000-0  97565-4 0  9991
2 44290  53.0058 231.4414 0001796  95.7394 264.3799 15.05494400 23402
STARLINK-77             
1 44291U 19029BJ  19292.13828851  .00001211  00000-0  10249-3 0  9994
2 44291  53.0068 228.0482 0001694 102.3768 257.7410 15.05499828 23515
STARLINK-81             
1 44292U 19029BK  19292.13603816  .00001224  00000-0  10335-3 0  9997
2 44292  53.0067 228.0869 0001828  96.7405 263.3791 15.05504977 23514
STARLINK-74             
1 44293U 19029BL  19291.35050942  .00001208  00000-0  10230-3 0  9993
2 44293  53.0059 231.4758 0001782  89.2822 270.8370 15.05494904 23390
STARLINK-53             
1 44294U 19029BM  19291.33055163  .00001219  00000-0  10297-3 0  9997
2 44294  52.9989 230.6823 0001285  71.6686 288.4441 15.05510108 21562
FALCON 9 DEB            
1 44295U 19029BN  19291.37904154  .00001507  00000-0  43427-4 0  9997
2 44295  53.0026 195.8252 0009954  16.9673 343.1662 15.42704315 23960
FALCON 9 DEB            
1 44296U 19029BP  19292.15134145  .00001690  00000-0  47470-4 0  9995
2 44296  53.0014 192.0992 0010275  33.5881 326.5773 15.42763710 24088
FALCON 9 DEB            
1 44297U 19029BQ  19291.39683658  .00001773  00000-0  47566-4 0  9997
2 44297  53.0019 194.5161 0005195  18.1742 341.9448 15.43900381 23985
FALCON 9 DEB            
1 44298U 19029BR  19291.84458801  .00001739  00000-0  46753-4 0  9997
2 44298  53.0017 192.3258 0005677  46.4093 313.7382 15.43961483 24058
