APRIZESAT 2             
1 28366U 04025A   19291.93271656  .00000013  00000-0  18206-4 0  9992
2 28366  98.2860 187.2488 0108081  14.8766 345.5559 14.36685178802171
SAUDICOMSAT 1           
1 28369U 04025D   19292.09676544  .00000044  00000-0  22004-4 0  9993
2 28369  98.3041 239.8183 0032333 277.6451  82.1073 14.52514527810742
SAUDICOMSAT 2           
1 28370U 04025E   19291.28696999  .00000043  00000-0  23595-4 0  9996
2 28370  98.3990 235.2547 0059061  74.7954 285.9759 14.47448926807846
APRIZESAT 1             
1 28372U 04025G   19291.67386959  .00000012  00000-0  15082-4 0  9991
2 28372  98.3581 237.1217 0046504   2.1874 357.9515 14.49601948809167
NANOSAT-1               
1 28493U 04049B   19291.86007502  .00000062  00000-0  17408-4 0  9995
2 28493  98.1316  16.2973 0005226 146.6942 213.4595 14.73527528796635
SAUDICOMSAT 7           
1 31119U 07012C   19291.72227149  .00000039  00000-0  17370-4 0  9995
2 31119  98.0635 238.0251 0058750 259.4298 100.0282 14.61746875666597
SAUDICOMSAT 6           
1 31121U 07012E   19291.32047087  .00000050  00000-0  20534-4 0  9994
2 31121  98.1194 232.0772 0076347 344.0389  15.8406 14.58547222665150
SAUDICOMSAT 5           
1 31124U 07012H   19291.48632278  .00000055  00000-0  19794-4 0  9997
2 31124  98.0272 240.7588 0050766 216.8015 142.9698 14.63447550667346
SAUDICOMSAT 3           
1 31125U 07012J   19291.35576194  .00000055  00000-0  18990-4 0  9995
2 31125  97.9883 243.7700 0043329 174.8385 185.3274 14.65196356668071
SAUDICOMSAT 4           
1 31127U 07012L   19291.90241435  .00000052  00000-0  20462-4 0  9999
2 31127  98.0918 235.8142 0066933 298.4937  60.9533 14.60260842665933
APRIZESAT 4             
1 35684U 09041D   19291.74122608  .00000038  00000-0  12789-4 0  9994
2 35684  98.2418 258.9333 0046127 231.2715 128.4368 14.79229424551304
APRIZESAT 3             
1 35686U 09041F   19291.74104948  .00000050  00000-0  12015-4 0  9999
2 35686  98.2205 335.7041 0074132 118.3943 242.4770 14.87332208554058
AISSAT 1                
1 36797U 10035C   19291.63308798  .00000159  00000-0  24694-4 0  9991
2 36797  98.1397  69.3021 0012521  94.3787 265.8859 14.86221997502055
S-NET D                 
1 43186U 18014G   19291.83955436  .00000357  00000-0  36308-4 0  9990
2 43186  97.7012 198.4590 0010093 325.0396  35.0162 14.96695091 93400
S-NET B                 
1 43187U 18014H   19291.97308222  .00000343  00000-0  35119-4 0  9995
2 43187  97.7009 198.5756 0010064 324.4265  35.6285 14.96695290 93423
S-NET A                 
1 43188U 18014J   19291.97290619  .00000362  00000-0  36749-4 0  9997
2 43188  97.7012 198.5963 0010089 324.5732  35.4819 14.96694950 93428
S-NET C                 
1 43189U 18014K   19291.43841144  .00000419  00000-0  41768-4 0  9994
2 43189  97.7009 198.0460 0010128 326.5118  33.5462 14.96694218 91895
