NOAA 15                 
1 25338U 98030A   19291.93243114  .00000014  00000-0  24715-4 0  9998
2 25338  98.7405 312.9421 0009467 245.2594 114.7601 14.25935266114419
NOAA 18                 
1 28654U 05018A   19291.83233994  .00000065  00000-0  59924-4 0  9996
2 28654  99.0819 340.5506 0014210 190.5447 169.5428 14.12459655742666
METOP-A                 
1 29499U 06044A   19291.88261080 -.00000004  00000-0  17760-4 0  9992
2 29499  98.5607 341.5168 0000716 121.6988 325.5168 14.21485696674246
NOAA 19                 
1 33591U 09005A   19291.89161018 -.00000016  00000-0  16517-4 0  9993
2 33591  99.1889 286.0219 0014598  39.0395 321.1826 14.12380042550896
METOP-B                 
1 38771U 12049A   19291.94118350 -.00000037  00000-0  30015-5 0  9990
2 38771  98.7287 349.4975 0001251  45.9234  75.0608 14.21480878367573
SARAL                   
1 39086U 13009A   19291.86320338 -.00000021  00000-0  85549-5 0  9994
2 39086  98.5420 116.1625 0000383 139.8526 220.2686 14.32012782347286
METOP-C                 
1 43689U 18087A   19291.82385054 -.00000044  00000-0  00000-0 0  9990
2 43689  98.6906 349.6964 0001944   3.9076 356.2108 14.21496601 49129
