BEIJING 1               
1 28890U 05043A   19292.10734722 -.00000017  00000-0  57615-5 0  9996
2 28890  97.9997  63.4645 0014897 349.2015  10.8840 14.61269194745123
HJ-1A                   
1 33320U 08041A   19292.08541660  .00000084  00000-0  19020-4 0  9995
2 33320  97.8249 346.9311 0026428 141.3616 218.9496 14.77048084598827
HJ-1B                   
1 33321U 08041B   19292.10429156  .00000102  00000-0  21522-4 0  9995
2 33321  97.8326 348.9596 0035117 160.7339 199.5206 14.77167346598829
YAOGAN 4                
1 33446U 08061A   19292.08476760  .00000069  00000-0  16620-4 0  9990
2 33446  97.6908 253.3828 0017319  50.1280 310.1451 14.76979691586057
DEIMOS-1                
1 35681U 09041A   19292.06068659  .00000186  00000-0  37352-4 0  9999
2 35681  97.8412 169.6941 0002865  98.0469 262.1076 14.71804000548735
UK-DMC 2                
1 35683U 09041C   19292.04229799  .00000065  00000-0  18071-4 0  9996
2 35683  97.7212 142.4353 0001790  94.9267 265.2149 14.71116173548537
RISAT 1                 
1 38248U 12017A   19292.10934112  .00000436  00000-0  30810-4 0  9999
2 38248  97.5708 299.2969 0004461  17.8052 342.3332 15.09903243412066
DMC3-FM1                
1 40715U 15032A   19291.92199840  .00000025  00000-0  11448-4 0  9991
2 40715  97.9541 185.5367 0014432 285.0593  74.9014 14.73683712229937
DMC3-FM2                
1 40716U 15032B   19292.08094246  .00000013  00000-0  97218-5 0  9991
2 40716  97.9557 185.9732 0011894 295.0624  64.9352 14.73685100229960
DMC3-FM3                
1 40717U 15032C   19291.89972149  .00000019  00000-0  10549-4 0  9994
2 40717  97.9560 186.4924 0015471 286.3571  73.5945 14.73674940229934
