GOES 1 (SMS-C) [-]      
1 08366U 75100A   19291.54102257 -.00000218  00000-0  00000+0 0  9995
2 08366  10.4785 308.0418 0004381 312.9933 235.3097  1.00298152160802
GOES 2 [-]              
1 10061U 77048A   19291.61336975  .00000048  00000-0  00000-0 0  9998
2 10061  11.8844 317.8576 0016173 347.6770 188.1350  0.99394293 22081
GOES 3 [-]              
1 10953U 78062A   19291.68280955  .00000078  00000-0  00000-0 0  9991
2 10953  12.1164 321.7501 0003022 345.0545 200.2742  0.99358463104354
GOES 4 [-]              
1 11964U 80074A   19291.71595920  .00000056  00000-0  00000-0 0  9991
2 11964  12.9800 325.4955 0033588  37.4648 322.5961  0.99229076103281
GOES 5 [-]              
1 12472U 81049A   19291.54864069 -.00000250  00000-0  00000-0 0  9990
2 12472  13.4587 336.0685 0003495 302.0464 227.1064  1.00320807 98445
GOES 6 [-]              
1 14050U 83041A   19291.40143490 -.00000231  00000-0  00000+0 0  9999
2 14050  13.8327 341.0935 0000722 328.2132 138.3346  1.00310061191655
GOES 7 [-]              
1 17561U 87022A   19291.58711172 -.00000332  00000-0  00000-0 0  9992
2 17561  14.9235 357.2090 0005963 348.8934   6.0575  0.99897976102644
GOES 8 [-]              
1 23051U 94022A   19291.72991694 -.00000143  00000-0  00000-0 0  9996
2 23051  12.3137  31.4602 0005485 289.0737  79.7824  0.98904511100065
GOES 9 [-]              
1 23581U 95025A   19290.92387755 -.00000056  00000-0  00000+0 0  9998
2 23581  11.8019  31.3222 0001927  95.0540 260.5090  0.98800484 88702
GOES 10 [-]             
1 24786U 97019A   19291.56486657 -.00000157  00000-0  00000-0 0  9996
2 24786  10.3240  36.7741 0027726 185.4756  11.0233  0.99126211 81940
GOES 11 [-]             
1 26352U 00022A   19291.73811713 -.00000279  00000-0  00000-0 0  9994
2 26352   6.6694  66.7699 0004547 186.7145 191.0103  0.99045813 28370
GOES 12 [-]             
1 26871U 01031A   19291.86975615 -.00000039  00000-0  00000-0 0  9991
2 26871   7.8156  54.2609 0007800 251.2324 126.7031  0.99134955 66640
GOES 13 [B]             
1 29155U 06018A   19291.74632601  .00000042  00000-0  00000-0 0  9994
2 29155   0.0845  80.2772 0009056 167.9304 232.4266  0.99994308 18978
GOES 14 [S]             
1 35491U 09033A   19291.61528894 -.00000092  00000-0  00000-0 0  9994
2 35491   0.2805 279.2066 0012892 301.8453 283.0971  1.00272576 37715
GOES 15 [+]             
1 36411U 10008A   19291.87219500  .00000057  00000-0  00000-0 0  9990
2 36411   0.2871 278.2946 0002524 257.5990  37.0275  1.00264607 35270
GOES 16 [+]             
1 41866U 16071A   19291.83643203 -.00000246  00000-0  00000-0 0  9994
2 41866   0.0411  52.1865 0000747 202.7251 358.0646  1.00271705 10711
GOES-S [+]              
1 43226U 18022A   19291.88313340  .00000099  00000-0  00000-0 0  9990
2 43226   0.0161 349.6827 0000473 255.9981 322.1516  1.00272209  6019
