SCD 1                   
1 22490U 93009B   19291.89501928  .00000209  00000-0  72999-5 0  9994
2 22490  24.9697  86.1921 0042996 347.6731 145.6032 14.44560810408897
TECHSAT 1B (GO-32)      
1 25397U 98043D   19291.41612457 -.00000001  00000-0  18911-4 0  9998
2 25397  98.6982 230.1316 0002235  63.6037 296.5371 14.23672355104975
SCD 2                   
1 25504U 98060A   19291.44669310  .00000226  00000-0  12879-4 0  9995
2 25504  24.9963 297.4791 0017323   5.5381 145.6508 14.44077869108400
LANDSAT 7               
1 25682U 99020A   19292.08744975  .00000007  00000-0  11321-4 0  9999
2 25682  98.1166 356.4689 0000995  94.6541 265.4775 14.57157047 90948
DLR-TUBSAT              
1 25757U 99029B   19292.04641058  .00000007  00000-0  13229-4 0  9994
2 25757  98.4120 214.1598 0013835 205.5377 154.5136 14.51408449 80329
TERRA                   
1 25994U 99068A   19292.04151528 -.00000475  00000-0 -95516-4 0  9998
2 25994  98.1994   4.7047 0001650  96.3866 263.7522 14.57112502 55019
MAROC-TUBSAT            
1 27004U 01056D   19291.65170459 -.00000023  00000-0  24413-4 0  9998
2 27004  99.4836  63.3537 0019005 284.4151 144.6995 13.70136997892925
AQUA                    
1 27424U 02022A   19291.93735319  .00000083  00000-0  28436-4 0  9995
2 27424  98.2051 230.9721 0002664  44.3587  27.0248 14.57113933928558
IRS-P6 (RESOURCESAT-1)  
1 28051U 03046A   19292.05546853 -.00000002  00000-0  14387-4 0  9998
2 28051  98.5102   7.8603 0058497  27.1167 333.3053 14.34165903831642
SHIYAN 1 (SY-1)         
1 28220U 04012A   19291.73414458 -.00000119  00000-0 -47328-5 0  9991
2 28220  97.8183 254.3106 0004659  74.9981 285.1758 14.99910037844347
FORMOSAT-2 (ROCSAT 2)   
1 28254U 04018A   19289.13728295 -.00000185  00000-0 -95762-4 0  9999
2 28254  98.7552 328.6126 0000589  41.9890 318.1371 14.00717975787726
AURA                    
1 28376U 04026A   19291.92920195  .00000086  00000-0  29195-4 0  9991
2 28376  98.2052 233.1216 0001349  69.4330 290.7013 14.57111056811603
IRS-P5 (CARTOSAT-1)     
1 28649U 05017A   19292.05459078  .00000056  00000-0  13134-4 0  9990
2 28649  97.8443   0.7015 0002219 118.5749 241.5688 14.83657000782575
SINAH 1                 
1 28893U 05043D   19291.43211333  .00000007  00000-0  10617-4 0  9990
2 28893  97.9917  64.5633 0014928 351.8235   8.2721 14.61512681744822
EROS B                  
1 29079U 06014A   19292.10096418  .00001299  00000-0  56274-4 0  9999
2 29079  97.4336  49.7741 0004657  70.2907  36.1952 15.24175766748346
RESURS-DK 1             
1 29228U 06021A   19291.88542874  .00000074  00000-0  12896-4 0  9991
2 29228  69.9345  85.4810 0002135 149.2205 210.9081 15.02473598736316
ARIRANG-2 (KOMPSAT-2)   
1 29268U 06031A   19292.03138658  .00000111  00000-0  31022-4 0  9999
2 29268  98.0131 180.7525 0017253 197.9558 162.1042 14.62453960705784
LAPAN-TUBSAT            
1 29709U 07001A   19292.01365505  .00000003  00000-0  69788-5 0  9999
2 29709  97.8231 251.4229 0012567 176.9746 183.1554 14.82190639690459
CARTOSAT-2 (IRS-P7)     
1 29710U 07001B   19292.03454062 -.00000015  00000-0  50052-5 0  9998
2 29710  97.9524 349.8259 0002169  79.4372 280.7082 14.78675069689370
HAIYANG-1B              
1 31113U 07010A   19291.86451795 -.00000027  00000-0  59960-5 0  9998
2 31113  98.4403 337.1413 0013385 204.6815 155.3729 14.30231649653477
COSMO-SKYMED 1          
1 31598U 07023A   19292.11505892 -.00000309  00000-0 -32208-4 0  9995
2 31598  97.8920 113.7771 0001404  86.8133 273.3234 14.82151268668932
TERRASAR-X              
1 31698U 07026A   19290.63446171 -.00001537  00000-0 -70030-4 0  9997
2 31698  97.4468 296.1457 0001608  82.0064 278.1067 15.19145186684286
WORLDVIEW-1 (WV-1)      
1 32060U 07041A   19291.43675717  .00000608  00000-0  27597-4 0  9993
2 32060  97.4042  49.5150 0002203 101.1611 258.9874 15.24517437672154
YAOGAN 3                
1 32289U 07055A   19292.08857321  .00000272  00000-0  41976-4 0  9990
2 32289  98.0022 302.5407 0001779  83.7937 276.3474 14.80979823645110
COSMO-SKYMED 2          
1 32376U 07059A   19292.08128700  .00000246  00000-0  37411-4 0  9993
2 32376  97.8911 113.7443 0001494  86.8224 273.3158 14.82148976641672
RADARSAT-2              
1 32382U 07061A   19292.09937972  .00000214  00000-0  10000-3 0  9992
2 32382  98.5780 297.2287 0001211  87.2387   0.7063 14.29984281618339
CARTOSAT-2A             
1 32783U 08021A   19292.08080523  .00000309  00000-0  49183-4 0  9994
2 32783  97.9586 350.2729 0014454  74.8738 285.4075 14.78668532619324
JASON-2 (OSTM)          
1 33105U 08032A   19291.91145926 -.00000098  00000-0 -14152-3 0  9999
2 33105  66.0365 127.1781 0007595 265.5676 161.6270 12.87622348530442
RAPIDEYE 2              
1 33312U 08040A   19291.68529336  .00000718  00000-0  86266-4 0  9996
2 33312  97.7306 356.9021 0010694  62.8627 297.3710 14.86883084601672
RAPIDEYE 5              
1 33313U 08040B   19291.70935724 -.00000286  00000-0 -25856-4 0  9992
2 33313  97.7336 355.8787 0022470 329.0741  30.8881 14.86847682601621
RAPIDEYE 1              
1 33314U 08040C   19291.83261335  .00003696  00000-0  41794-3 0  9991
2 33314  97.7403 356.9155 0021228  96.7002 263.6523 14.86902910601687
RAPIDEYE 3              
1 33315U 08040D   19291.73259322 -.00000213  00000-0 -17793-4 0  9991
2 33315  97.7353 355.7926 0014583  27.6106 332.5857 14.86883164601639
RAPIDEYE 4              
1 33316U 08040E   19291.72066021 -.00000159  00000-0 -11708-4 0  9992
2 33316  97.7382 355.7057 0015553 344.2217  15.8536 14.86882698601621
HUANJING 1A (HJ-1A)     
1 33320U 08041A   19292.08541660  .00000084  00000-0  19020-4 0  9995
2 33320  97.8249 346.9311 0026428 141.3616 218.9496 14.77048084598827
HUANJING 1B (HJ-1B)     
1 33321U 08041B   19292.10429156  .00000102  00000-0  21522-4 0  9995
2 33321  97.8326 348.9596 0035117 160.7339 199.5206 14.77167346598829
GEOEYE 1                
1 33331U 08042A   19292.02453839  .00000097  00000-0  27280-4 0  9993
2 33331  98.1310   4.6630 0010402  98.3733 261.8651 14.64359244594050
THEOS                   
1 33396U 08049A   19291.14935473  .00000169  00000-0  10000-3 0  9993
2 33396  98.7392 355.8615 0000349  16.3681  13.0745 14.20008985572537
COSMO-SKYMED 3          
1 33412U 08054A   19292.06438640 -.00000262  00000-0 -26321-4 0  9994
2 33412  97.8910 113.7270 0001295  86.3546 273.7833 14.82153008594136
YAOGAN 4                
1 33446U 08061A   19292.08476760  .00000069  00000-0  16620-4 0  9990
2 33446  97.6908 253.3828 0017319  50.1280 310.1451 14.76979691586057
GOSAT (IBUKI)           
1 33492U 09002A   19291.86860694  .00000090  00000-0  24185-4 0  9994
2 33492  98.0454  41.9519 0001594 100.3935 259.7449 14.67562277574577
YAOGAN 6                
1 34839U 09021A   19292.09940366  .00000350  00000-0  15778-4 0  9999
2 34839  97.0487 309.1939 0028573 161.2661 198.9638 15.26677191582831
DEIMOS-1                
1 35681U 09041A   19292.06068659  .00000186  00000-0  37352-4 0  9999
2 35681  97.8412 169.6941 0002865  98.0469 262.1076 14.71804000548735
DUBAISAT-1              
1 35682U 09041B   19292.09010302 -.00000090  00000-0 -75843-5 0  9999
2 35682  97.7269 118.8706 0010858 305.6366  54.3810 14.68749470547544
OCEANSAT-2              
1 35931U 09051A   19292.10110020  .00000085  00000-0  32768-4 0  9997
2 35931  98.3015  25.5710 0002690  80.9483 279.2016 14.50847538533270
WORLDVIEW-2 (WV-2)      
1 35946U 09055A   19292.07198157  .00000045  00000-0  29389-4 0  9991
2 35946  98.4260   5.4129 0001844  42.1311 318.0019 14.37646680526198
SMOS                    
1 36036U 09059A   19291.63953650  .00000078  00000-0  38730-4 0  9990
2 36036  98.4442 117.1511 0001160  87.2517 272.8804 14.39750692523429
YAOGAN 7                
1 36110U 09069A   19292.05747580  .00000039  00000-0  13883-4 0  9993
2 36110  98.2717 117.5627 0022961 271.3209  88.5361 14.75137272530761
TANDEM-X                
1 36605U 10030A   19290.37098967  .00000042  00000-0  51893-5 0  9991
2 36605  97.4467 295.8889 0001969  82.9267 277.2053 15.19150122516989
CARTOSAT-2B             
1 36795U 10035A   19292.04962649 -.00000276  00000-0 -30534-4 0  9998
2 36795  97.9571 349.8449 0015169 142.3895 217.8302 14.78668304500369
YAOGAN 10               
1 36834U 10038A   19292.06338061  .00000024  00000-0  98659-5 0  9994
2 36834  97.9716 291.6138 0001605  75.3451 284.7940 14.80936263496850
COSMO-SKYMED 4          
1 37216U 10060A   19292.02644418  .00000014  00000-0  83779-5 0  9992
2 37216  97.8913 113.6885 0001413  71.6099 288.5269 14.82150273484213
RESOURCESAT-2           
1 37387U 11015A   19292.03263071  .00000016  00000-0  27147-4 0  9993
2 37387  98.7065   5.5499 0004265  18.8017 341.3321 14.21633207440991
HAIYANG 2A              
1 37781U 11043A   19291.93603371  .00000035  00000-0  77406-4 0  9995
2 37781  99.3197 298.7963 0000144  51.2692 308.8413 13.78718671411624
RASAT                   
1 37791U 11044D   19291.93460017 -.00000009  00000-0  74086-5 0  9999
2 37791  98.1182  23.1713 0021158 316.8389  43.1144 14.64736063436741
MEGHA-TROPIQUES         
1 37838U 11058A   19291.49778805  .00000312  00000-0  27194-4 0  9997
2 37838  19.9788  37.8180 0009447  58.4847 301.6479 14.09686597413654
SRMSAT                  
1 37841U 11058D   19291.45749392  .00000287  00000-0  12345-4 0  9999
2 37841  19.9735  15.6627 0011938  93.8976 356.3538 14.10641084413819
YAOGAN 13               
1 37941U 11072A   19292.10493236  .00000335  00000-0  19785-4 0  9991
2 37941  97.5322 223.3181 0002362 133.2463 282.6788 15.18104088437202
PLEIADES 1A             
1 38012U 11076F   19292.09019853 -.00000047  00000-0 -39533-6 0  9999
2 38012  98.1901   5.1008 0001509  94.1039 266.0334 14.58560246417332
ZIYUAN 1-02C (ZY 1-02C) 
1 38038U 11079A   19292.08881852  .00000060  00000-0  36879-4 0  9996
2 38038  98.7285 337.7205 0006013 263.2830  96.7674 14.35265692410001
ZIYUAN 3 (ZY 3)         
1 38046U 12001A   19292.09467642  .00000418  00000-0  21763-4 0  9992
2 38046  97.4452   4.4983 0003215 352.2949 102.3986 15.21298270431775
RISAT-1                 
1 38248U 12017A   19292.10934112  .00000436  00000-0  30810-4 0  9999
2 38248  97.5708 299.2969 0004461  17.8052 342.3332 15.09903243412066
ARIRANG-3 (KOMPSAT-3)   
1 38338U 12025B   19292.04400465  .00000035  00000-0  16452-4 0  9991
2 38338  98.1685 228.3858 0009618 172.3881 187.7467 14.61774465395916
KANOPUS-V 1             
1 38707U 12039A   19292.09934755 -.00000520  00000-0 -21649-4 0  9990
2 38707  97.4530 209.0754 0001766  71.8821  42.3442 15.19039011401711
EXACTVIEW-1 (ADS-1B)    
1 38709U 12039C   19292.20190470  .00000004  00000-0  22740-4 0  9991
2 38709  99.1359 311.3782 0010481 333.8601  26.2038 14.24001398376377
SPOT 6                  
1 38755U 12047A   19292.03792452 -.00000054  00000-0 -17291-5 0  9993
2 38755  98.1995 357.5947 0001122  74.4099 285.7224 14.58563192378406
PLEIADES 1B             
1 39019U 12068A   19292.05570145 -.00000044  00000-0  25309-6 0  9993
2 39019  98.1885   5.0337 0001298  90.9236 269.2113 14.58557734366187
GOKTURK 2               
1 39030U 12073A   19292.02943898  .00000044  00000-0  14559-4 0  9990
2 39030  97.9755 179.4613 0001192 143.4876 216.6418 14.72719995366227
LANDSAT 8               
1 39084U 13008A   19292.06419272  .00000024  00000-0  15367-4 0  9992
2 39084  98.2135   0.4267 0001087  90.1916 269.9409 14.57110633355402
SARAL                   
1 39086U 13009A   19291.86320338 -.00000021  00000-0  85549-5 0  9994
2 39086  98.5420 116.1625 0000383 139.8526 220.2686 14.32012782347286
GAOFEN 1                
1 39150U 13018A   19292.05627026  .00000022  00000-0  10397-4 0  9990
2 39150  97.8927   9.7243 0018954 177.2044 182.9283 14.76544912349247
VNREDSAT 1              
1 39160U 13021B   19292.05296016  .00000036  00000-0  16284-4 0  9992
2 39160  98.1737   6.3364 0001049  90.4353 269.6974 14.62928061344447
ARIRANG-5 (KOMPSAT-5)   
1 39227U 13042A   19292.04908696  .00000010  00000-0  50447-5 0  9994
2 39227  97.6195 114.5196 0002268  82.0252  75.4025 15.04510921338078
YAOGAN 18               
1 39363U 13059A   19292.07602831  .00000589  00000-0  31927-4 0  9990
2 39363  97.2842 344.9425 0002938  86.2339   8.1635 15.18251860330862
SKYSAT-1                
1 39418U 13066C   19291.88547843  .00000034  00000-0  77261-5 0  9995
2 39418  97.6433  11.4294 0020753 295.9685  63.9400 14.98864311322948
DUBAISAT-2              
1 39419U 13066D   19292.08033163  .00000336  00000-0  36644-4 0  9998
2 39419  97.5793 350.2279 0012643 301.8617  58.1345 14.94039917321984
GPM-CORE                
1 39574U 14009C   19291.85466616  .00002507  00000-0  40821-4 0  9999
2 39574  65.0065 256.7137 0010947 281.9470  78.0449 15.55456449320303
SENTINEL-1A             
1 39634U 14016A   19292.04179176 -.00000056  00000-0 -22475-5 0  9993
2 39634  98.1819 297.4993 0001270  78.2448 281.8894 14.59198389295215
KAZEOSAT 1              
1 39731U 14024A   19292.01940584 -.00000002  00000-0  12600-4 0  9994
2 39731  98.3456   5.8764 0001274  81.5871 278.5465 14.42050149287941
ALOS-2                  
1 39766U 14029A   19292.04735599  .00000049  00000-0  13401-4 0  9998
2 39766  97.9232  27.1243 0001458  87.0626 273.0736 14.79471797291850
KAZEOSAT 2              
1 40010U 14033A   19292.04270823  .00000060  00000-0  14071-4 0  9998
2 40010  97.8241 188.5818 0017067  19.2145 340.9715 14.82077399288412
HODOYOSHI-4             
1 40011U 14033B   19292.07519519  .00000122  00000-0  22305-4 0  9998
2 40011  97.7998 182.0603 0027499  14.9630 345.2398 14.81134088288146
DEIMOS-2                
1 40013U 14033D   19292.06544114  .00000223  00000-0  32673-4 0  9999
2 40013  97.8288 194.0320 0002493  71.1648 288.9840 14.84574477288903
HODOYOSHI-3             
1 40015U 14033F   19291.84944676  .00000029  00000-0  10951-4 0  9992
2 40015  97.7675 171.1277 0037947  29.9472 330.3899 14.78553244287614
SPOT 7                  
1 40053U 14034A   19292.07161590 -.00000052  00000-0 -13465-5 0  9999
2 40053  98.2154 357.4171 0001298  73.6666 286.4676 14.58536922282348
SKYSAT-2                
1 40072U 14037D   19291.58854928  .00000075  00000-0  17181-4 0  9993
2 40072  98.4425  91.7261 0006312 182.4119 177.7062 14.81213907285293
WORLDVIEW-3 (WV-3)      
1 40115U 14048A   19292.06970280  .00000096  00000-0  17392-4 0  9994
2 40115  97.8037   8.3298 0002030  64.5336 295.6091 14.85035883280826
GAOFEN 2                
1 40118U 14049A   19292.52256243 -.00010524  00000-0 -13664-2 0  9990
2 40118  97.8624   9.9621 0006137 232.3922 127.5623 14.80618016279277
YAOGAN 21               
1 40143U 14053A   19292.10941450  .00000616  00000-0  28757-4 0  9998
2 40143  97.4723 355.4395 0018403  43.2690  36.8363 15.23505653284503
YAOGAN 22               
1 40275U 14063A   19292.09677321 -.00000045  00000-0  00000+0 0  9999
2 40275 100.4796  43.3581 0005504 289.9681  70.0844 13.15338233239906
ASNARO                  
1 40298U 14070A   19291.69798270  .00000698  00000-0  36024-4 0  9997
2 40298  97.4361  12.8115 0002134  91.3956  12.3701 15.19524733274474
HODOYOSHI-1             
1 40299U 14070B   19292.08096469  .00000428  00000-0  20851-4 0  9995
2 40299  97.3416   9.2520 0012179 338.9200 105.6079 15.23477122274903
QSAT-EOS                
1 40301U 14070D   19292.05906595  .00001224  00000-0  49722-4 0  9999
2 40301  97.3188   6.8006 0024824 329.9031 114.1107 15.26213808274951
YAOGAN 23               
1 40305U 14071A   19292.48959193 -.00015221  00000-0 -75047-3 0  9995
2 40305  97.4984 228.7281 0000848  86.1049  25.5907 15.17860167273027
YAOGAN 24               
1 40310U 14072A   19292.08709965  .00000035  00000-0  12219-4 0  9996
2 40310  97.8728  54.9097 0017084 183.1658 176.9446 14.76306462264779
CBERS 4                 
1 40336U 14079A   19292.08760669 -.00000001  00000-0  15150-4 0  9990
2 40336  98.5931   0.2265 0001814  93.7709 266.3689 14.35396378254917
RESURS P2               
1 40360U 14087A   19292.08840486  .00000507  00000-0  18140-4 0  9994
2 40360  97.2564  20.5201 0008844 344.2468 136.6260 15.33244737269171
YAOGAN 26               
1 40362U 14088A   19292.08219259  .00000606  00000-0  28148-4 0  9994
2 40362  97.2779   2.8004 0008077 265.8827 183.1415 15.23646974267962
SMAP                    
1 40376U 15003A   19292.06276376  .00000022  00000-0  13303-4 0  9997
2 40376  98.1245 297.1799 0001776  55.8476 304.2896 14.63387945251775
KOMPSAT-3A              
1 40536U 15014A   19292.11454861  .00000698  00000-0  44402-4 0  9993
2 40536  97.5600 229.1685 0007821 257.2739 279.8958 15.12025498252096
SENTINEL-2A             
1 40697U 15028A   19292.02573289  .00000005  00000-0  18650-4 0  9990
2 40697  98.5700   4.7352 0001152  82.6788 277.4527 14.30817000225799
GAOFEN 8                
1 40701U 15030A   19292.11578880  .00000826  00000-0  37491-4 0  9996
2 40701  97.4482  51.0602 0008971 279.8942 205.1518 15.23589910240346
CARBONITE 1 (CBNT-1)    
1 40718U 15032D   19292.03844621  .00000121  00000-0  25567-4 0  9995
2 40718  97.8663 175.2342 0015495 274.5253  85.4188 14.74733515230084
YAOGAN 27               
1 40878U 15040A   19292.08379425 -.00000043  00000-0  00000+0 0  9995
2 40878 100.2741 342.9351 0008834  62.8810 297.3206 13.15963230199134
GAOFEN 9                
1 40894U 15047A   19292.05649549 -.00000009  00000-0  60706-5 0  9991
2 40894  97.9109  11.6995 0034916 109.5890 250.9095 14.76299580220711
LAPAN-A2                
1 40931U 15052B   19292.20985885  .00000494  00000-0 -20270-4 0  9991
2 40931   6.0043 262.9338 0012634  88.9496 271.2511 14.76615781219406
YAOGAN 28               
1 41026U 15064A   19292.12209324  .00000550  00000-0  25900-4 0  9995
2 41026  97.4242  61.0070 0000645 120.8883 337.0424 15.23605529220197
YAOGAN 29               
1 41038U 15069A   19292.06558064  .00000014  00000-0  86981-5 0  9996
2 41038  97.9883 275.7797 0001311  39.0934 321.0383 14.80421195210413
KENT RIDGE 1            
1 41167U 15077B   19290.70843762  .00000919  00000-0  16066-4 0  9999
2 41167  14.9739  98.1671 0010906 242.9961 213.8844 15.09073730211903
TELEOS 1                
1 41169U 15077D   19290.67756554  .00001140  00000-0  28177-4 0  9992
2 41169  14.9776  86.6679 0010232 261.2858 195.7777 15.10332604212002
GAOFEN 4                
1 41194U 15083A   19292.06021556 -.00000333  00000-0  00000+0 0  9993
2 41194   0.0646 113.0573 0004399 104.5731 297.0800  1.00271767 14094
JASON-3                 
1 41240U 16002A   19292.16108771 -.00000055  00000-0  24209-4 0  9996
2 41240  66.0392 148.4048 0007642 268.1441  91.8699 12.80930571175521
SENTINEL-3A             
1 41335U 16011A   19292.20074517 -.00000008  00000-0  14545-4 0  9996
2 41335  98.6256 357.4141 0001217 107.8810 252.2503 14.26737183191131
SENTINEL-1B             
1 41456U 16025A   19292.07559576 -.00000054  00000-0 -17573-5 0  9990
2 41456  98.1818 297.3582 0001248  77.1002 283.0346 14.59198132185389
ZIYUAN 3-2 (ZY 3-2)     
1 41556U 16033A   19292.07460946  .00000512  00000-0  25872-4 0  9999
2 41556  97.3891   7.1158 0003735 117.4658   0.4321 15.21387671188066
NUSAT-1 (FRESCO)        
1 41557U 16033B   19292.16690788  .00001096  00000-0  43505-4 0  9990
2 41557  97.4145  18.9486 0012700 219.7865 140.2444 15.27449266188785
NUSAT-2 (BATATA)        
1 41558U 16033C   19292.17945249  .00001187  00000-0  44295-4 0  9995
2 41558  97.4178  20.4086 0011753 218.9873 141.0521 15.29364663188855
CARTOSAT-2C             
1 41599U 16040A   19292.05900856  .00000218  00000-0  13617-4 0  9998
2 41599  97.4854 349.3432 0013361 340.4605 108.8283 15.19230940184299
SKYSAT-C1               
1 41601U 16040C   19292.05599861  .00000405  00000-0  19908-4 0  9999
2 41601  97.3853   8.9492 0002496  96.1144  23.7299 15.23436584184698
LAPAN-A3                
1 41603U 16040E   19292.04696741 -.00000010  00000-0  26776-5 0  9990
2 41603  97.3470 347.6477 0012923 338.1582 107.5098 15.19752176184323
BIROS                   
1 41604U 16040F   19291.77144888  .00000337  00000-0  17832-4 0  9993
2 41604  97.3508 350.3674 0011258 323.8310  36.2163 15.21809531184463
GAOFEN 3                
1 41727U 16049A   19292.06557505 -.00000023  00000-0  61363-5 0  9997
2 41727  98.4145 298.0587 0001283  55.0064 305.1248 14.42215719167932
SKYSAT-C4               
1 41771U 16058B   19292.18862355  .00000400  00000-0  19695-4 0  9999
2 41771  97.3896   1.5530 0002022  90.2021 269.9447 15.23447384171650
SKYSAT-C5               
1 41772U 16058C   19292.02726763  .00000404  00000-0  19873-4 0  9997
2 41772  97.3888   0.9140 0002009  72.7557  11.2461 15.23476279171622
SKYSAT-C2               
1 41773U 16058D   19291.77337433  .00000396  00000-0  19516-4 0  9995
2 41773  97.3919   1.3262 0001490  94.4382 265.7025 15.23503542171590
SKYSAT-C3               
1 41774U 16058E   19292.11195161  .00000384  00000-0  19023-4 0  9995
2 41774  97.3929   1.6883 0001733  87.6906 272.4529 15.23456200171648
ALSAT 1B                
1 41785U 16059C   19292.01494600 -.00000001  00000-0  90460-5 0  9999
2 41785  98.0511 349.2306 0031296 359.1860   0.9287 14.63329779163446
PATHFINDER 1            
1 41787U 16059E   19292.05261430  .00000036  00000-0  15984-4 0  9992
2 41787  98.0542 350.0483 0030794 357.1428   2.9605 14.63690005163481
SCATSAT 1               
1 41790U 16059H   19292.06113196  .00000011  00000-0  13767-4 0  9992
2 41790  98.1967 334.1146 0004831 318.4634  41.6193 14.50890707162071
WORLDVIEW-4 (WV-4)      
1 41848U 16067A   19290.61724380  .00003042  00000-0  10000-3 0  9990
2 41848  97.8527  15.9272 0034450 110.2265 250.2435 15.31848374159295
GOKTURK 1A              
1 41875U 16073A   19292.05106477  .00000031  00000-0  15154-4 0  9999
2 41875  98.1174 184.7249 0001319  73.2786 286.8563 14.62790661153121
RESOURCESAT-2A          
1 41877U 16074A   19292.05561682 -.00000004  00000-0  17797-4 0  9991
2 41877  98.6234   2.2044 0001296  71.5384 288.5935 14.21674413148601
CARTOSAT-2D             
1 41948U 17008A   19291.81376877  .00000383  00000-0  21331-4 0  9999
2 41948  97.3815 349.5291 0008925 113.4119 246.8056 15.19253435148123
SENTINEL-2B             
1 42063U 17013A   19292.06067172 -.00000004  00000-0  15098-4 0  9991
2 42063  98.5686   4.7700 0000993  91.9342 268.1957 14.30817632136717
ZHUHAI-1 02 (CAS 4B)    
1 42759U 17034B   19292.22579861  .00000134  00000-0  21740-4 0  9991
2 42759  43.0193 277.7595 0012712 302.4854 240.5925 15.09656431129357
NUSAT-3 (MILANESAT)     
1 42760U 17034C   19292.17924495  .00000179  00000-0  24210-4 0  9998
2 42760  43.0178 277.6124 0011189 319.2068 100.0741 15.10104758129368
ZHUHAI-1 01 (CAS 4A)    
1 42761U 17034D   19292.15932198  .00000232  00000-0  27624-4 0  9998
2 42761  43.0188 277.5813 0013136 304.4277 111.7358 15.09734988129349
CARTOSAT-2E             
1 42767U 17036C   19291.96079245  .00000391  00000-0  21765-4 0  9995
2 42767  97.4593 349.3395 0008752 157.1696 202.9930 15.19247444128713
FORMOSAT-5              
1 42920U 17049A   19292.02797442 -.00000047  00000-0 -55550-6 0  9995
2 42920  98.3222   9.0043 0010489   0.1748 359.9451 14.50843126113862
SENTINEL-5P             
1 42969U 17064A   19291.85566501 -.00000005  00000-0  18465-4 0  9990
2 42969  98.7073 229.5981 0001075  80.7097 279.4201 14.19543935104336
SKYSAT-C11              
1 42987U 17068A   19291.91377977  .00000484  00000-0  24291-4 0  9992
2 42987  97.4428  44.1644 0009629 140.5472 219.6467 15.21947716108982
SKYSAT-C10              
1 42988U 17068B   19292.10188905  .00000257  00000-0  14361-4 0  9991
2 42988  97.4426  44.2299 0003949 148.1191 212.0285 15.21895439109013
SKYSAT-C9               
1 42989U 17068C   19291.54542127  .00001460  00000-0  43693-4 0  9996
2 42989  97.2684  44.1154 0002819  92.6402 267.5165 15.36154086108967
SKYSAT-C8               
1 42990U 17068D   19292.08138669  .00000054  00000-0  54259-5 0  9999
2 42990  97.4455  44.6156 0003047 169.8861 190.2437 15.21732957109029
SKYSAT-C7               
1 42991U 17068E   19291.87461850  .00000463  00000-0  23424-4 0  9990
2 42991  97.4448  44.4088 0004760 200.6556 159.4488 15.21876732108990
SKYSAT-C6               
1 42992U 17068F   19292.12555227  .00000451  00000-0  22898-4 0  9993
2 42992  97.4450  44.8584 0009962 269.0026  91.0068 15.21880805109047
CARTOSAT-2F             
1 43111U 18004A   19292.08123163  .00000419  00000-0  23081-4 0  9992
2 43111  97.4208 351.5978 0004308 164.2719 283.0649 15.19243880 97914
MICROSAT-TD             
1 43128U 18004T   19291.75546768  .00017942  00000-0  13802-3 0  9991
2 43128  96.7909 344.9707 0006351  16.8137 343.3337 15.72038806101171
NUSAT-4 (ADA)           
1 43195U 18015D   19292.04108066  .00000963  00000-0  42630-4 0  9992
2 43195  97.4119  58.0085 0016474 227.5926 246.9671 15.23978143 94962
NUSAT-5 (MARYAM)        
1 43204U 18015K   19292.12442817  .00001010  00000-0  44305-4 0  9992
2 43204  97.4120  58.2104 0015739 230.0289 226.2576 15.24181047 94586
GAOFEN 1-02             
1 43259U 18031A   19292.10126413  .00000026  00000-0  11007-4 0  9998
2 43259  97.9890   8.4753 0003232 244.0822 116.0055 14.76431039 83665
GAOFEN 1-03             
1 43260U 18031B   19292.07870310  .00000060  00000-0  16030-4 0  9997
2 43260  97.9884   8.4738 0004674 343.4871  16.6192 14.76433417 83650
GAOFEN 1-04             
1 43262U 18031D   19292.05600796 -.00000052  00000-0 -16118-6 0  9998
2 43262  97.9894   8.4003 0002700 259.7835 100.3099 14.76425187 83646
SENTINEL-3B             
1 43437U 18039A   19291.82256732 -.00000024  00000-0  81590-5 0  9994
2 43437  98.6339 356.9548 0001267 119.1678 240.9629 14.26732633 77148
GAOFEN 5                
1 43461U 18043A   19292.11914005 -.00000006  00000-0  85758-5 0  9993
2 43461  98.1707 228.1259 0003085  74.0399 286.1144 14.57746347 76994
GAOFEN 6                
1 43484U 18048A   19292.08876298  .00000055  00000-0  15332-4 0  9993
2 43484  98.0096   9.2852 0010944  94.5412 265.7055 14.76475781 74355
GAOFEN 11               
1 43585U 18063A   19292.07560395  .00000523  00000-0  24815-4 0  9995
2 43585  97.4059  10.2441 0017308 353.5232 124.4286 15.23526501 68332
AEOLUS                  
1 43600U 18066A   19292.47156878 -.00123607  00000-0 -49864-3 0  9998
2 43600  96.7181 297.4855 0007454  95.3475  35.8484 15.86519593 66994
ICESAT-2                
1 43613U 18070A   19291.89326663  .00001116  00000-0  40371-4 0  9996
2 43613  92.0024 356.0553 0002837 101.6625 258.4943 15.28262014 60848
HYSIS                   
1 43719U 18096A   19292.02667186  .00000087  00000-0  18888-4 0  9999
2 43719  97.9361 358.1005 0009270 295.8601  64.1661 14.78672934 47840
KAZSTSAT                
1 43783U 18099AB  19292.00194486  .00000209  00000-0  25194-4 0  9993
2 43783  97.7479   2.2442 0007245 270.7668  89.2722 14.93611796 47646
SAUDISAT 5A             
1 43831U 18102A   19292.11120325  .00000331  00000-0  25677-4 0  9997
2 43831  97.5954   6.3720 0013202 266.5569 182.1903 15.07936492 47613
SAUDISAT 5B             
1 43833U 18102C   19292.09071971  .00000377  00000-0  28289-4 0  9990
2 43833  97.5967   6.5576 0013802 274.0603 200.7948 15.08378293 47615
