SARSAT 7 (NOAA 15)      
1 25338U 98030A   19291.93243114  .00000014  00000-0  24715-4 0  9998
2 25338  98.7405 312.9421 0009467 245.2594 114.7601 14.25935266114419
METEOSAT-8 (MSG-1)      
1 27509U 02040B   19292.09074521  .00000143  00000-0  00000+0 0  9997
2 27509   6.2995  55.0757 0000589 196.6617 209.5568  1.00273011 62854
GPS BIIR-08             
1 27663U 03005A   19291.14411387 -.00000012  00000-0  00000+0 0  9996
2 27663  56.2330 311.5357 0107145  32.0619  45.6548  2.00566316122487
GPS BIIR-11             
1 28190U 04009A   19291.43440597 -.00000069  00000-0  00000+0 0  9996
2 28190  56.2794  12.3014 0090827  86.9158 352.1333  2.00566568114160
GPS BIIR-12             
1 28361U 04023A   19291.27220162  .00000027  00000-0  00000+0 0  9991
2 28361  54.0495 185.2950 0134084 233.1474   0.6172  2.00555308112247
GPS BIIR-13             
1 28474U 04045A   19291.79709466 -.00000016  00000-0  00000-0 0  9996
2 28474  54.8068  62.7412 0194960 262.1848 352.1186  2.00577242109623
SARSAT 10 (NOAA 18)     
1 28654U 05018A   19291.83233994  .00000065  00000-0  59924-4 0  9996
2 28654  99.0819 340.5506 0014210 190.5447 169.5428 14.12459655742666
GPS BIIR-14M            
1 28874U 05038A   19291.79185446 -.00000069  00000-0  00000-0 0  9997
2 28874  56.3955   9.6527 0134931 262.8670  92.7373  2.00574394103026
METEOSAT-9 (MSG-2)      
1 28912U 05049B   19291.78033932  .00000022  00000-0  00000-0 0  9991
2 28912   3.9126  70.8753 0001273 134.7200 105.6022  1.00272997 50632
GOES 13                 
1 29155U 06018A   19291.74632601  .00000042  00000-0  00000-0 0  9994
2 29155   0.0845  80.2772 0009056 167.9304 232.4266  0.99994308 18978
SARSAT 11 (METOP-A)     
1 29499U 06044A   19291.88261080 -.00000004  00000-0  17760-4 0  9992
2 29499  98.5607 341.5168 0000716 121.6988 325.5168 14.21485696674246
GPS BIIR-16M            
1 29601U 06052A   19291.84601553 -.00000007  00000-0  00000-0 0  9993
2 29601  56.2151 310.4249 0072737  62.4443 298.3325  2.00576502 94600
GPS BIIR-17M            
1 32260U 07047A   19291.16530183  .00000028  00000-0  00000+0 0  9999
2 32260  53.1729 180.8747 0117042  46.4557 314.5964  2.00573578 88019
GPS BIIR-18M            
1 32384U 07062A   19291.55338372 -.00000069  00000-0  00000+0 0  9998
2 32384  56.4836  10.3135 0009305 124.1135 288.5939  2.00563476 86765
SARSAT 12 (NOAA 19)     
1 33591U 09005A   19291.89161018 -.00000016  00000-0  16517-4 0  9993
2 33591  99.1889 286.0219 0014598  39.0395 321.1826 14.12380042550896
GOES 14                 
1 35491U 09033A   19291.61528894 -.00000092  00000-0  00000-0 0  9994
2 35491   0.2805 279.2066 0012892 301.8453 283.0971  1.00272576 37715
GOES 15                 
1 36411U 10008A   19291.87219500  .00000057  00000-0  00000-0 0  9990
2 36411   0.2871 278.2946 0002524 257.5990  37.0275  1.00264607 35270
GLONASS-K 1             
1 37372U 11009A   19292.20455207 -.00000037  00000-0  00000+0 0  9991
2 37372  65.7857  35.8761 0009460 220.6931  41.7011  2.13107620 67249
GPS BIIF-2              
1 37753U 11036A   19291.27537716 -.00000009  00000-0  00000+0 0  9995
2 37753  56.0049  66.8701 0089748  42.8718 319.9900  2.00567238 60454
GSAT0101 (GALILEO-PFM)  
1 37846U 11060A   19288.17346725 -.00000052  00000-0  00000+0 0  9996
2 37846  56.4661  48.0709 0001012 342.8938  17.0925  1.70475644 49709
GSAT0102 (GALILEO-FM2)  
1 37847U 11060B   19291.62002112 -.00000044  00000-0  00000-0 0  9992
2 37847  56.4691  47.9750 0002760 294.1179  67.1307  1.70475562 49646
LUCH 5A                 
1 37951U 11074B   19291.91091078 -.00000041  00000-0  00000-0 0  9991
2 37951   2.7286 123.3387 0002897  69.8197 328.9382  1.00269718 28790
METEOSAT-10 (MSG-3)     
1 38552U 12035B   19291.88979994  .00000063  00000-0  00000-0 0  9998
2 38552   1.0844 347.3303 0002104 237.4965 131.9659  1.00272245 26496
SARSAT 13 (METOP-B)     
1 38771U 12049A   19291.94118350 -.00000037  00000-0  30015-5 0  9990
2 38771  98.7287 349.4975 0001251  45.9234  75.0608 14.21480878367573
GPS BIIF-3              
1 38833U 12053A   19291.26245176  .00000023  00000-0  00000+0 0  9995
2 38833  53.7302 243.3544 0087438  33.8630 326.6822  2.00563109 51512
GSAT0103 (GALILEO-FM3)  
1 38857U 12055A   19288.21585660  .00000042  00000-0  00000+0 0  9990
2 38857  54.9417 168.5634 0001916 268.6353  91.4518  1.70473935 43617
GSAT0104 (GALILEO-FM4)  
1 38858U 12055B   19291.08306021  .00000046  00000-0  00000+0 0  9996
2 38858  54.9428 168.4836 0000808 300.2827  59.8147  1.70473828 43618
GPS BIIF-4              
1 39166U 13023A   19291.11845339 -.00000069  00000-0  00000+0 0  9995
2 39166  56.0707   6.4109 0071330  27.4854 332.9437  2.00566271 47052
INSAT-3D                
1 39216U 13038B   19291.91422024 -.00000155  00000-0  00000-0 0  9994
2 39216   0.0457 105.6230 0001331 116.7648 215.9517  1.00272272 22701
GPS BIIF-5              
1 39533U 14008A   19292.11673431  .00000025  00000-0  00000+0 0  9991
2 39533  53.8557 248.7282 0042410 196.8321 163.0184  2.00555196 41430
LUCH 5V                 
1 39727U 14023A   19291.72677645 -.00000266  00000-0  00000-0 0  9999
2 39727   0.9751 308.3895 0002176 264.1246 170.7309  1.00267774538129
GPS BIIF-6              
1 39741U 14026A   19291.39636154 -.00000009  00000-0  00000+0 0  9995
2 39741  55.9833  66.3915 0016575 288.9139  70.9047  2.00563372 39707
GPS BIIF-7              
1 40105U 14045A   19290.98816491  .00000029  00000-0  00000+0 0  9991
2 40105  54.5763 185.6777 0013001  96.5805 263.6469  2.00574421 38148
GSAT0201 (GALILEO 5)    
1 40128U 14050A   19291.30934315 -.00000081  00000-0  00000+0 0  9994
2 40128  50.5786  11.0778 1664922  91.5561 287.4951  1.85519543 35105
GSAT0202 (GALILEO 6)    
1 40129U 14050B   19291.57399495 -.00000081  00000-0  00000-0 0  9999
2 40129  50.6202  10.0950 1663592  92.4065 286.6573  1.85520151 35335
GPS BIIF-8              
1 40294U 14068A   19290.86379794  .00000053  00000-0  00000-0 0  9990
2 40294  55.2294 126.5711 0024243  40.4258 319.8237  2.00561525 36388
GLONASS-K 2             
1 40315U 14075A   19292.20416551  .00000048  00000-0  00000+0 0  9998
2 40315  63.9909 275.3290 0017625 212.2528 150.7241  2.13098601 38014
GPS BIIF-9              
1 40534U 15013A   19291.49697844 -.00000006  00000-0  00000-0 0  9996
2 40534  54.4155 304.8619 0040185   3.4957 356.5625  2.00562104 33018
GSAT0203 (GALILEO 7)    
1 40544U 15017A   19289.12677257 -.00000049  00000-0  00000-0 0  9991
2 40544  56.2586  48.2127 0003835 224.2857 135.6763  1.70475270 27670
GSAT0204 (GALILEO 8)    
1 40545U 15017B   19291.84142741 -.00000044  00000-0  00000+0 0  9993
2 40545  56.2667  48.1522 0003259 185.3174 174.6803  1.70475366 28381
GPS BIIF-10             
1 40730U 15033A   19291.16091859 -.00000070  00000-0  00000-0 0  9995
2 40730  55.5929   5.6936 0046070 343.5760  16.3297  2.00575924 31191
METEOSAT-11 (MSG-4)     
1 40732U 15034A   19291.85152383  .00000001  00000-0  00000-0 0  9997
2 40732   0.7953 249.1587 0000736 274.5712 170.2008  1.00263832 15641
GSAT0205 (GALILEO 9)    
1 40889U 15045A   19290.91145471  .00000008  00000-0  00000-0 0  9995
2 40889  56.3492 288.7988 0003116 329.6789  30.3055  1.70474862 25513
GSAT0206 (GALILEO 10)   
1 40890U 15045B   19291.71768754  .00000010  00000-0  00000+0 0  9993
2 40890  56.3478 288.7732 0002534 296.1277  63.8500  1.70474828 25551
GPS BIIF-11             
1 41019U 15062A   19291.20775804  .00000053  00000-0  00000+0 0  9991
2 41019  55.2291 126.3763 0050353 205.2055 154.6152  2.00564648 29015
ELEKTRO-L 2             
1 41105U 15074A   19291.97350110 -.00000095  00000-0  00000-0 0  9991
2 41105   0.6271 102.3210 0000881  77.5931 273.7212  1.00273066 14124
GSAT0209 (GALILEO 12)   
1 41174U 15079A   19288.95695655  .00000045  00000-0  00000+0 0  9995
2 41174  54.9553 168.2385 0003973 325.5685  34.5160  1.70473131 23820
GSAT0208 (GALILEO 11)   
1 41175U 15079B   19290.93652697  .00000046  00000-0  00000+0 0  9997
2 41175  54.9547 168.1840 0003161 332.6447  27.4448  1.70473000 23862
GPS BIIF-12             
1 41328U 16007A   19291.29863523  .00000028  00000-0  00000-0 0  9992
2 41328  54.8171 186.0876 0033822 218.6263 141.2097  2.00567421 27075
GSAT0211 (GALILEO 14)   
1 41549U 16030A   19291.64485643  .00000011  00000-0  00000+0 0  9996
2 41549  56.4895 288.6067 0004536 285.8724  74.0810  1.70474607 21169
GSAT0210 (GALILEO 13)   
1 41550U 16030B   19291.35128872  .00000010  00000-0  00000-0 0  9994
2 41550  56.4894 288.6165 0004723 261.4985  98.4508  1.70474666 21176
INSAT-3DR               
1 41752U 16054A   19291.85466213 -.00000075  00000-0  00000-0 0  9995
2 41752   0.1309  95.8870 0012487 171.3690 141.4974  1.00271346 11400
GSAT0207 (GALILEO 15)   
1 41859U 16069A   19290.42320993  .00000046  00000-0  00000+0 0  9991
2 41859  54.6142 168.6221 0003402 312.4868  47.5920  1.70472954 18126
GSAT0212 (GALILEO 16)   
1 41860U 16069B   19289.69008038  .00000045  00000-0  00000-0 0  9993
2 41860  54.6116 168.6418 0003159 342.8318  17.2667  1.70472990 18136
GSAT0213 (GALILEO 17)   
1 41861U 16069C   19291.22921455  .00000045  00000-0  00000+0 0  9992
2 41861  54.6144 168.6023 0002176 285.2295  74.8511  1.70473118 18165
GSAT0214 (GALILEO 18)   
1 41862U 16069D   19289.61643765  .00000045  00000-0  00000+0 0  9998
2 41862  54.6125 168.6430 0001605 302.4793  57.6143  1.70473011 18126
GOES 16                 
1 41866U 16071A   19291.83643203 -.00000246  00000-0  00000-0 0  9994
2 41866   0.0411  52.1865 0000747 202.7251 358.0646  1.00271705 10711
GSAT-17                 
1 42815U 17040B   19291.87010508 -.00000256  00000-0  00000-0 0  9997
2 42815   0.0895  94.9845 0005770 152.4921 186.3527  1.00272656  8409
GSAT0215 (GALILEO 19)   
1 43055U 17079A   19290.10471379  .00000006  00000-0  00000+0 0  9999
2 43055  56.4652 288.4966 0004118 255.7021 104.2538  1.70473800 11472
GSAT0216 (GALILEO 20)   
1 43056U 17079B   19291.57082976  .00000010  00000-0  00000-0 0  9999
2 43056  56.4642 288.4560 0005982 261.2637  98.6715  1.70473865 11516
GSAT0217 (GALILEO 21)   
1 43057U 17079C   19290.61765673  .00000008  00000-0  00000+0 0  9992
2 43057  56.4633 288.4832 0005390 269.4463  90.4936  1.70473925 11487
GSAT0218 (GALILEO 22)   
1 43058U 17079D   19290.83763108  .00000008  00000-0  00000+0 0  9998
2 43058  56.4631 288.4744 0006463 259.0623 100.8668  1.70473857 11485
GOES 17                 
1 43226U 18022A   19291.88313340  .00000099  00000-0  00000-0 0  9990
2 43226   0.0161 349.6827 0000473 255.9981 322.1516  1.00272209  6019
GSAT0221 (GALILEO 25)   
1 43564U 18060A   19291.32581421 -.00000044  00000-0  00000+0 0  9993
2 43564  56.6502  47.7153 0004015 248.3264 111.6311  1.70476229  7687
GSAT0222 (GALILEO 26)   
1 43565U 18060B   19292.13228285 -.00000044  00000-0  00000+0 0  9990
2 43565  56.6527  47.6922 0003564 256.0545 103.9080  1.70476248  7738
GSAT0219 (GALILEO 23)   
1 43566U 18060C   19290.59260234 -.00000046  00000-0  00000+0 0  9991
2 43566  56.6524  47.7359 0003381 247.7597 112.2025  1.70476124  7681
GSAT0220 (GALILEO 24)   
1 43567U 18060D   19291.39904155 -.00000044  00000-0  00000+0 0  9996
2 43567  56.6534  47.7152 0003469 250.4815 109.4815  1.70476042  7678
BEIDOU-3 M13            
1 43622U 18072A   19291.52549359  .00000054  00000-0  00000-0 0  9998
2 43622  55.0589 144.1007 0004755 292.0491  62.0197  1.86231992  7324
BEIDOU-3 M14            
1 43623U 18072B   19291.87763957  .00000054  00000-0  00000-0 0  9999
2 43623  55.0613 144.0787 0004250 327.1124 353.2194  1.86232064  7334
