LEMUR-1                 
1 40044U 14033AL  19291.87263002  .00000114  00000-0  24236-4 0  9990
2 40044  97.7382 153.8670 0060445  64.7853 295.9606 14.74132684286173
LEMUR-2-JOEL            
1 40932U 15052C   19291.46801298  .00000886  00000-0  32392-4 0  9996
2 40932   6.0076 252.5520 0013217 114.6476 245.5029 14.77881408219437
LEMUR-2-CHRIS           
1 40933U 15052D   19291.51755493  .00000909  00000-0  35132-4 0  9999
2 40933   6.0056 249.5859 0013925 122.4465 237.7011 14.78032361219462
LEMUR-2-PETER           
1 40935U 15052F   19291.47304255  .00000898  00000-0  35579-4 0  9994
2 40935   6.0034 264.9169 0009904  83.7067 276.4188 14.77170596219304
LEMUR-2-XIAOQING        
1 41871U 16062C   19291.33784592  .00001421  00000-0  67840-4 0  9996
2 41871  51.6442 341.2662 0006287  69.7821 290.3834 15.25952949161081
LEMUR-2-SOKOLSKY        
1 41872U 16062D   19291.79545893  .00000383  00000-0  28067-4 0  9990
2 41872  51.6875 343.2151 0002479 171.4684 188.6338 15.25767009161139
LEMUR-2-ANUBHAVTHAKUR   
1 41873U 16062E   19291.61470982 -.00000782  00000-0 -18548-4 0  9996
2 41873  51.6834 353.2212 0003617   2.4765 357.6231 15.23285786160934
LEMUR-2-WINGO           
1 41874U 16062F   19291.60752680  .00000983  00000-0  51873-4 0  9993
2 41874  51.6586 343.9817 0012174 353.6092   6.4730 15.25423075161063
LEMUR-2-JOBANPUTRA      
1 41991U 17008AV  19291.78718416  .00001017  00000-0  44335-4 0  9996
2 41991  97.3902 356.0133 0009226  82.5224 277.7061 15.24432443147812
LEMUR-2-SPIRE-MINIONS   
1 41992U 17008AW  19291.99090341  .00001381  00000-0  57336-4 0  9999
2 41992  97.3921 357.2081 0008986  79.8296 280.3956 15.25503961147907
LEMUR-2-SATCHMO         
1 41993U 17008AX  19291.88011050  .00000979  00000-0  42514-4 0  9992
2 41993  97.3902 356.3346 0009135  81.2402 278.9869 15.24632459147847
LEMUR-2-SMITA-SHARAD    
1 41994U 17008AY  19291.75695602  .00001377  00000-0  57246-4 0  9991
2 41994  97.3918 356.8755 0009007  79.8982 280.3271 15.25456768147862
LEMUR-2-RDEATON         
1 41995U 17008AZ  19291.71444383  .00000991  00000-0  42925-4 0  9995
2 41995  97.3904 356.2723 0010219  92.6507 267.5901 15.24696714148505
LEMUR-2-TACHIKOMA       
1 41996U 17008BA  19291.24384210  .00001395  00000-0  58126-4 0  9995
2 41996  97.3939 356.4788 0010027  93.2607 266.9778 15.25346089147683
LEMUR-2-NOGUECORREIG    
1 41997U 17008BB  19291.41096643  .00001449  00000-0  59884-4 0  9997
2 41997  97.3933 356.8500 0009988  92.1070 268.1312 15.25562920147817
LEMUR-2-MIA-GRACE       
1 41998U 17008BC  19291.96431404  .00000950  00000-0  41403-4 0  9990
2 41998  97.3901 356.3808 0010151  92.6880 267.5519 15.24588027147779
LEMUR-2-ANGELA          
1 42752U 17019B   19292.11550048  .00001683  00000-0  67966-4 0  9991
2 42752  51.6405 260.5425 0009992 155.6396 204.5059 15.30713860131960
LEMUR-2-JENNYBARNA      
1 42753U 17019C   19291.35852142  .00001115  00000-0  47525-4 0  9996
2 42753  51.6403 260.0816 0009510 155.4391 204.7045 15.31908136131855
LEMUR-2-ROBMOORE        
1 42754U 17019D   19291.44778184  .00001068  00000-0  47729-4 0  9993
2 42754  51.6404 264.3115 0009924 155.5132 204.6322 15.30608652131833
LEMUR-2-SPIROVISION     
1 42755U 17019E   19292.04741940  .00002505  00000-0  91695-4 0  9999
2 42755  51.6389 256.8701 0009885 161.9047 316.8175 15.31974984131876
LEMUR-2-SHAINAJOHL      
1 42771U 17036G   19291.91653096  .00001174  00000-0  53733-4 0  9997
2 42771  97.3387 346.3512 0015473 146.0150 214.2081 15.22353558128829
LEMUR-2-XUENITERENCE    
1 42772U 17036H   19291.92875494  .00001186  00000-0  53961-4 0  9993
2 42772  97.3365 346.3942 0014984 145.0381 215.1843 15.22541680128836
LEMUR-2-LUCYBRYCE       
1 42773U 17036J   19291.14617746  .00000692  00000-0  32714-4 0  9996
2 42773  97.3408 346.0973 0014955 146.5788 213.6396 15.22562914128739
LEMUR-2-KUNGFOO         
1 42774U 17036K   19291.84114523  .00001226  00000-0  55750-4 0  9998
2 42774  97.3386 346.4536 0014910 145.0945 215.1272 15.22506351128816
LEMUR-2-LYNSEY-SYMO     
1 42779U 17036Q   19291.10344768  .00001698  00000-0  73127-4 0  9999
2 42779  97.3408 347.0884 0012679 152.4984 207.6927 15.23884153128772
LEMUR-2-LISASAURUS      
1 42780U 17036R   19291.88236185  .00000660  00000-0  30943-4 0  9996
2 42780  97.3396 347.3325 0012884 150.9432 209.2524 15.23044520128870
LEMUR-2-SAM-AMELIA      
1 42781U 17036S   19291.55303146  .00000740  00000-0  34049-4 0  9993
2 42781  97.3412 347.3834 0012880 151.6720 208.5220 15.23306848128834
LEMUR-2-MCPEAKE         
1 42782U 17036T   19291.83306217  .00001261  00000-0  55880-4 0  9992
2 42782  97.3403 347.6201 0012542 150.4545 209.7404 15.23372942128872
LEMUR-2-GREENBERG       
1 42837U 17042N   19291.91226896  .00000614  00000-0  65827-4 0  9996
2 42837  97.5500 180.5802 0013681  15.3759 344.7874 14.91955219123217
LEMUR-2-ANDIS           
1 42838U 17042P   19291.49777887  .00000407  00000-0  45446-4 0  9996
2 42838  97.5500 180.2082 0013715  16.4874 343.6789 14.91954875123156
LEMUR-2-MONSON          
1 42839U 17042Q   19291.73250979  .00000200  00000-0  25119-4 0  9998
2 42839  97.5504 180.3670 0013511  15.5232 344.6399 14.91788497123183
LEMUR-2-FURIAUS         
1 42840U 17042R   19291.52854236  .00000217  00000-0  26739-4 0  9990
2 42840  97.5500 180.3146 0013756  16.1905 343.9752 14.91941368123154
LEMUR-2-PETERG          
1 42841U 17042S   19291.15944048  .00000363  00000-0  40841-4 0  9993
2 42841  97.5513 180.2205 0013231  15.0961 345.0651 14.92181244123120
LEMUR-2-DEMBITZ         
1 42842U 17042T   19291.95442686  .00000240  00000-0  28853-4 0  9996
2 42842  97.5507 180.9819 0013250  13.4628 346.6942 14.92184906123246
LEMUR-2-ZACHARY         
1 42845U 17042W   19292.50518211  .00000436  00000-0  47775-4 0  9990
2 42845  97.5415 181.2292 0013693  13.1311 347.0211 14.92433236123330
LEMUR-2-ARTFISCHER      
1 42881U 17042BJ  19291.88598870  .00003193  00000-0  83474-4 0  9998
2 42881  96.9204 167.6449 0013010 126.1316 234.1137 15.39358375126714
LEMUR-2-ROCKETJONAH     
1 43041U 17071E   19291.73474872  .00005191  00000-0  11832-3 0  9996
2 43041  51.6366 168.1802 0001450 127.5737 232.5382 15.44679214107308
LEMUR-2-YONGLIN         
1 43045U 17071J   19292.10452543  .00003059  00000-0  71622-4 0  9998
2 43045  51.6375 163.9569 0003518 225.7879 134.2819 15.45447712105117
LEMUR-2-KEVIN           
1 43046U 17071K   19291.87548583  .00004468  00000-0  10487-3 0  9998
2 43046  51.6381 168.4265 0003310 219.6416 140.4329 15.44162584105044
LEMUR-2-BRIANDAVIE      
1 43047U 17071L   19292.14396399  .00005037  00000-0  11651-3 0  9993
2 43047  51.6364 167.8794 0001871 266.0481  94.0291 15.44307350105060
LEMUR-2-ROMACOSTE       
1 43048U 17071M   19291.88086901  .00004575  00000-0  10469-3 0  9991
2 43048  51.6375 167.6892 0001778 264.6961  95.3823 15.44870661105046
LEMUR-2-MCCULLAGH       
1 43051U 17071Q   19292.12273489  .00005938  00000-0  13363-3 0  9992
2 43051  51.6379 166.3045 0001593  75.0496 285.0667 15.44770461105032
LEMUR-2-DUNLOP          
1 43053U 17071S   19291.84312272  .00004160  00000-0  98956-4 0  9994
2 43053  51.6365 170.3511 0001472  79.1231 280.9921 15.43947872104969
LEMUR-2-LIU-POU-CHUN    
1 43054U 17071T   19291.76614141  .00003989  00000-0  93607-4 0  9992
2 43054  51.6372 168.3974 0001175 136.5198 223.5881 15.44479563104986
LEMUR-2-MCCAFFERTY      
1 43123U 18004N   19291.76692147  .00001473  00000-0  62718-4 0  9993
2 43123  97.4778 359.6952 0009881 174.4600 185.6748 15.24548391 98114
LEMUR-2-PETERWEBSTER    
1 43124U 18004P   19291.94585301  .00001872  00000-0  79123-4 0  9998
2 43124  97.4783 359.7688 0009968 172.9402 187.1978 15.24462241 98130
LEMUR-2-BROWNCOW        
1 43125U 18004Q   19291.40998792  .00001912  00000-0  80075-4 0  9995
2 43125  97.4786 359.4044 0009727 175.2380 184.8952 15.24758793 98069
LEMUR-2-DAVEWILSON      
1 43126U 18004R   19291.43895838  .00001955  00000-0  82120-4 0  9996
2 43126  97.4784 359.3774 0009790 175.7330 184.3993 15.24626917 98069
LEMUR-2-MARSHALL        
1 43165U 18010C   19291.47408648  .00001733  00000-0  77920-4 0  9995
2 43165  82.9158 263.7973 0031490 167.9904 192.2091 15.19954851 96450
LEMUR-2-TALLHAMN-ATC    
1 43167U 18010E   19291.99976021  .00001265  00000-0  60281-4 0  9991
2 43167  82.9187 265.2970 0024562 176.6595 183.4809 15.17865901 96413
LEMUR-2-JIN-LUEN        
1 43182U 18014C   19291.98291879  .00000023  00000-0  71149-5 0  9999
2 43182  97.6946 197.6534 0013604 325.8129  34.2215 14.96356280 93395
LEMUR-2-URAMCHANSOL     
1 43183U 18014D   19291.56450515  .00000940  00000-0  87910-4 0  9998
2 43183  97.6946 197.2788 0013240 327.9185  32.1230 14.96409710 93339
LEMUR-2-KADI            
1 43184U 18014E   19291.22069439  .00000938  00000-0  87701-4 0  9998
2 43184  97.6943 196.9656 0013183 329.4736  30.5717 14.96423280 93286
LEMUR-2-THENICKMOLO     
1 43185U 18014F   19291.21695698  .00000795  00000-0  75159-4 0  9995
2 43185  97.6946 196.9787 0013082 329.8849  30.1619 14.96413026 93286
LEMUR-2-VU              
1 43558U 18046E   19291.68580886  .00001775  00000-0  72877-4 0  9990
2 43558  51.6403 189.8264 0007977 144.1818 215.9699 15.29821721 70232
LEMUR-2-ALEXANDER       
1 43559U 18046F   19291.80086823  .00003032  00000-0  11533-3 0  9996
2 43559  51.6405 189.0999 0008012 145.9623 214.1872 15.29929892 70036
LEMUR-2-YUASA           
1 43560U 18046G   19291.82314496  .00001250  00000-0  55118-4 0  9998
2 43560  51.6405 189.2354 0008125 156.6926 203.4424 15.29747326 70253
LEMUR-2-TOMHENDERSON    
1 43561U 18046H   19291.82318157  .00000873  00000-0  42289-4 0  9992
2 43561  51.6405 189.2371 0007987 156.8871 203.2470 15.29688933 69816
LEMUR-2-ZUPANSKI        
1 43695U 18088F   19291.64335005  .00001201  00000-0  52796-4 0  9997
2 43695  85.0333 237.7565 0019543 113.6030 246.7265 15.20556056 51847
LEMUR-2-CHANUSIAK       
1 43697U 18088H   19291.60462837  .00001542  00000-0  66841-4 0  9993
2 43697  85.0394 237.7989 0018483  97.6041 262.7300 15.21321175 51909
LEMUR-2-ORZULAK         
1 43731U 18096N   19291.90952470  .00001991  00000-0  75825-4 0  9991
2 43731  97.4500   2.0758 0019123 263.2006  96.7057 15.27792533 49407
LEMUR-2-KOBYSZCZE       
1 43732U 18096P   19291.88127961  .00001738  00000-0  66240-4 0  9998
2 43732  97.4508   2.1231 0019255 263.7755  96.1291 15.27948458 49408
LEMUR-2-DULY            
1 43745U 18096AC  19291.76215928  .00001723  00000-0  65802-4 0  9997
2 43745  97.4504   1.9634 0019096 263.8309  96.0754 15.27891691 49398
LEMUR-2-VLADIMIR        
1 43746U 18096AD  19291.73912965  .00001722  00000-0  65437-4 0  9993
2 43746  97.4501   1.9873 0019181 264.2924  95.6129 15.28044384 49418
LEMUR-2-CHRISTINAHOLT   
1 43882U 18111G   19291.82256149  .00000930  00000-0  86569-4 0  9996
2 43882  97.7113 198.3168 0011229 342.7899  17.2940 14.96643867 42214
LEMUR-2-TINYKEV         
1 43883U 18111H   19291.21038348  .00000576  00000-0  55529-4 0  9997
2 43883  97.7110 197.7464 0011451 344.7698  15.3177 14.96689937 44121
LEMUR-2-REMY-COLTON     
1 43884U 18111J   19292.14382821  .00000717  00000-0  67743-4 0  9997
2 43884  97.7116 198.6869 0011275 341.3026  18.7780 14.96731980 42265
LEMUR-2-GUSTAVO         
1 43885U 18111K   19291.80138100  .00000229  00000-0  25104-4 0  9992
2 43885  97.7115 198.3729 0011289 341.3102  18.7704 14.96724025 42210
LEMUR-2-ZO              
1 43886U 18111L   19291.71831189  .00000001  00000-0  51561-5 0  9995
2 43886  97.7127 198.3454 0011253 342.3164  17.7664 14.96814966 44208
LEMUR-2-NATALIEMURRAY   
1 43887U 18111M   19291.96374930  .00001036  00000-0  95223-4 0  9990
2 43887  97.7128 198.6371 0011036 341.2386  18.8428 14.96931489 44248
LEMUR-2-SARAHBETTYBOO   
1 43888U 18111N   19291.81825540  .00000751  00000-0  70343-4 0  9992
2 43888  97.7128 198.5479 0010969 339.1831  20.8942 14.96981684 44226
LEMUR-2-DAISY-HARPER    
1 43889U 18111P   19291.47150108  .00000370  00000-0  37173-4 0  9997
2 43889  97.7126 198.2325 0011164 339.1635  20.9131 14.97055567 44169
LEMUR-2-JOHANLORAN      
1 44084U 19018G   19291.96460778  .00001857  00000-0  84146-4 0  9996
2 44084  97.4438 350.6657 0012064 302.7725  57.2348 15.22065227 30507
LEMUR-2-BEAUDACIOUS     
1 44085U 19018H   19291.83006366  .00001702  00000-0  77390-4 0  9994
2 44085  97.4439 350.5416 0012069 304.2060  55.8032 15.22070158 30496
LEMUR-2-ELHAM           
1 44086U 19018J   19291.88623736  .00002067  00000-0  92929-4 0  9996
2 44086  97.4440 350.6299 0012124 304.3347  55.6742 15.22201396 30508
LEMUR-2-VICTOR-ANDREW   
1 44087U 19018K   19291.88069156  .00002100  00000-0  94308-4 0  9998
2 44087  97.4441 350.6361 0012008 305.4441  54.5673 15.22234994 30509
LEMUR-2-LILLYJO         
1 44396U 19038L   19291.79840570  .00000940  00000-0  58218-4 0  9990
2 44396  97.5003 251.7417 0023423 241.6072 118.2797 15.12004725 15902
LEMUR-2-WANLI           
1 44402U 19038S   19292.20014134  .00000998  00000-0  61726-4 0  9995
2 44402  97.5010 252.1337 0023543 240.4216 119.4668 15.11935650 15970
LEMUR-2-MORAG           
1 44403U 19038T   19291.73631746  .00001001  00000-0  61901-4 0  9998
2 44403  97.5040 251.7119 0022286 245.6312 114.2592 15.11947156 15900
LEMUR-2-DUSTINTHEWIND   
1 44405U 19038V   19291.59747649  .00001016  00000-0  62581-4 0  9995
2 44405  97.4997 251.5417 0023394 242.2099 117.6760 15.12040292 15884
LEMUR-2-ALEX-MADDY      
1 44407U 19038X   19292.13317916  .00000761  00000-0  48026-4 0  9992
2 44407  97.5041 252.0973 0022294 244.4616 115.4310 15.11922582 15952
LEMUR-2-EJATTA          
1 44409U 19038Z   19292.12120264  .00001187  00000-0  72259-4 0  9999
2 44409  97.4994 252.0622 0023252 239.6860 120.2071 15.12138518 15961
LEMUR-2-GREGROBINSON    
1 44411U 19038AB  19291.67559965  .00000960  00000-0  59639-4 0  9990
2 44411  97.5048 251.6500 0022412 246.5706 113.3168 15.11864699 15569
LEMUR-2-YNDRD           
1 44413U 19038AD  19291.59897798  .00000677  00000-0  43053-4 0  9990
2 44413  97.5033 251.5746 0022150 246.1610 113.7299 15.11989612 15882
