TDRS 3                  
1 19548U 88091B   19292.20059865 -.00000295  00000-0  00000+0 0  9997
2 19548  14.2907 359.6064 0036512 312.7993  98.0607  1.00280947100974
HST                     
1 20580U 90037B   19292.12359954  .00000392  00000-0  12924-4 0  9991
2 20580  28.4686 122.3292 0002706   6.1253 290.2758 15.09282777419403
TDRS 5                  
1 21639U 91054B   19291.75455410  .00000091  00000-0  00000+0 0  9992
2 21639  14.4180  12.8848 0020393   0.4757 117.6827  1.00277790103304
TDRS 6                  
1 22314U 93003B   19292.19195459 -.00000289  00000-0  00000+0 0  9992
2 22314  14.0922  15.9725 0000998 246.6650 147.7149  1.00280983 97983
TDRS 7                  
1 23613U 95035B   19291.72468279 -.00000196  00000-0  00000+0 0  9990
2 23613  14.2343   6.6760 0026505  22.8720 342.9794  1.00276538 88756
ISS (ZARYA)             
1 25544U 98067A   19292.49385634  .00000083  00000-0  94507-5 0  9996
2 25544  51.6431 104.8809 0006964 163.8110 236.5893 15.50203130194546
LANDSAT 7               
1 25682U 99020A   19292.08744975  .00000007  00000-0  11321-4 0  9999
2 25682  98.1166 356.4689 0000995  94.6541 265.4775 14.57157047 90948
TERRA                   
1 25994U 99068A   19292.04151528 -.00000475  00000-0 -95516-4 0  9998
2 25994  98.1994   4.7047 0001650  96.3866 263.7522 14.57112502 55019
TDRS 8                  
1 26388U 00034A   19291.86923272 -.00000227  00000-0  00000+0 0  9996
2 26388   8.8543  49.2272 0011504 295.1246  84.8545  1.00277201 70778
TIMED                   
1 26998U 01055B   19292.11827008  .00000078  00000-0  12523-4 0  9997
2 26998  74.0731  55.5968 0001868 245.6047 114.4939 14.88138974968509
TDRS 9                  
1 27389U 02011A   19291.92210396 -.00000280  00000-0  00000-0 0  9998
2 27389   6.9889  69.6745 0020083 255.0088 332.2144  1.00270692 66041
AQUA                    
1 27424U 02022A   19291.93735319  .00000083  00000-0  28436-4 0  9995
2 27424  98.2051 230.9721 0002664  44.3587  27.0248 14.57113933928558
TDRS 10                 
1 27566U 02055A   19291.68685003  .00000097  00000-0  00000+0 0  9991
2 27566   6.4871  54.6906 0003847 263.3532 144.9172  1.00271644 61820
SORCE                   
1 27651U 03004A   19292.12606960  .00000055  00000-0  19950-4 0  9999
2 27651  39.9952 241.3367 0022402 119.5587 240.7438 14.89041548908102
AURA                    
1 28376U 04026A   19291.92920195  .00000086  00000-0  29195-4 0  9991
2 28376  98.2052 233.1216 0001349  69.4330 290.7013 14.57111056811603
SWIFT                   
1 28485U 04047A   19291.34770143  .00000824  00000-0  25942-4 0  9993
2 28485  20.5572 286.5431 0010978 221.4838 138.4762 15.04458737816811
THEMIS A                
1 30580U 07004A   19291.02557807 -.00000395  00000-0  00000+0 0  9990
2 30580  10.9969  72.9766 8407923 338.3940   0.7686  0.87836671 44564
THEMIS D                
1 30797U 07004D   19287.81394595 -.00000623  00000-0  00000+0 0  9999
2 30797  10.0137  43.4678 8607013  11.2692 358.9633  0.71853134 44263
THEMIS E                
1 30798U 07004E   19290.35278017 -.00000432  00000-0  00000+0 0  9991
2 30798   8.9151  56.7767 8443688 359.8873 359.6034  0.81732060 44594
AIM                     
1 31304U 07015A   19291.72457903  .00000595  00000-0  37455-4 0  9990
2 31304  97.9377 159.9630 0006561 103.2998 256.8963 15.13251863683975
FGRST (GLAST)           
1 33053U 08029A   19291.46061273  .00000501  00000-0  11897-4 0  9990
2 33053  25.5832 315.0547 0012727  75.1340 285.0604 15.11262917626537
WISE                    
1 36119U 09071A   19292.14891671  .00000554  00000-0  21810-4 0  9997
2 36119  97.3604 326.2346 0003454 137.9915 222.1591 15.29766173546776
TDRS 11                 
1 39070U 13004A   19291.75266255  .00000079  00000-0  00000+0 0  9992
2 39070   4.1909 330.3524 0000765  53.6558  99.5374  1.00276719 24583
TDRS 12                 
1 39504U 14004A   19291.43868896 -.00000270  00000-0  00000+0 0  9993
2 39504   4.9626 337.0680 0004122 226.6604 299.6738  1.00279693 21040
GPM-CORE                
1 39574U 14009C   19291.85466616  .00002507  00000-0  40821-4 0  9999
2 39574  65.0065 256.7137 0010947 281.9470  78.0449 15.55456449320303
MMS 1                   
1 40482U 15011A   19291.93844890 -.00000156  00000-0  00000+0 0  9995
2 40482  19.7325 119.7097 8900446  15.8443 353.4265  0.28563044 10525
MMS 2                   
1 40483U 15011B   19285.01567863 -.00000091  00000-0  00000+0 0  9998
2 40483  19.4449 119.6575 8899670  15.7594   1.8109  0.28599750 10481
MMS 3                   
1 40484U 15011C   19288.51123539 -.00000041  00000-0  00000+0 0  9990
2 40484  19.6044 119.7134 8902596  15.7530   1.1574  0.28568961 10499
MMS 4                   
1 40485U 15011D   19291.93845075 -.00000156  00000-0  00000+0 0  9994
2 40485  19.7327 119.7029 8899440  15.8416 353.4658  0.28563079 10508
TDRS 13                 
1 42915U 17047A   19291.84916847 -.00000102  00000-0  00000-0 0  9993
2 42915   5.9463 330.2543 0010929  95.4892 255.5663  1.00272291  7944
JPSS-1                  
1 43013U 17073A   19291.88809082 -.00000001  00000-0  20455-4 0  9996
2 43013  98.7290 228.2278 0000871  67.0669 293.0599 14.19545746 99246
